기간	자치구	연령별	인구(혼인상태별)	인구(혼인상태별)	인구(혼인상태별)	인구(혼인상태별)	인구(혼인상태별)	인구(혼인상태별)	인구(혼인상태별)	인구(혼인상태별)	인구(혼인상태별)	인구(혼인상태별)	인구(혼인상태별)	인구(혼인상태별)	인구(혼인상태별)	인구(혼인상태별)	인구(혼인상태별)
기간	자치구	연령별	합계	합계	합계	합계	합계	남자	남자	남자	남자	남자	여자	여자	여자	여자	여자
기간	자치구	연령별	계	유배우	사별	이혼	미혼	계	유배우	사별	이혼	미혼	계	유배우	사별	이혼	미혼
2015	합계	합계	8,393,832	4,481,669	519,388	417,869	2,974,906	4,089,115	2,263,110	71,675	166,117	1,588,213	4,304,717	2,218,559	447,713	251,752	1,386,693
2015	합계	15~19	543,220	305	83	17	542,815	278,210	90	36	13	278,071	265,010	215	47	4	264,744
2015	합계	20~24	681,323	6,832	243	397	673,851	340,249	1,882	105	180	338,082	341,074	4,950	138	217	335,769
2015	합계	25~29	721,164	76,824	200	1,490	642,650	357,206	23,213	98	446	333,449	363,958	53,611	102	1,044	309,201
2015	합계	30~34	821,484	352,439	403	7,422	461,220	413,399	151,559	148	2,575	259,117	408,085	200,880	255	4,847	202,103
2015	합계	35~39	765,387	485,455	1,595	20,242	258,095	384,774	229,522	361	7,185	147,706	380,613	255,933	1,234	13,057	110,389
2015	합계	40~44	806,102	576,998	4,668	48,043	176,393	403,286	280,591	916	16,959	104,820	402,816	296,407	3,752	31,084	71,573
2015	합계	45~49	787,835	603,554	11,572	73,360	99,349	387,743	297,516	2,153	27,213	60,861	400,092	306,038	9,419	46,147	38,488
2015	합계	50~54	764,101	602,531	24,414	83,841	53,315	372,490	302,104	4,071	33,291	33,024	391,611	300,427	20,343	50,550	20,291
2015	합계	55~59	746,284	590,167	43,315	78,753	34,049	356,721	299,320	6,733	31,749	18,919	389,563	290,847	36,582	47,004	15,130
2015	합계	60~64	556,511	435,754	57,401	47,703	15,653	264,516	228,555	8,106	20,292	7,563	291,995	207,199	49,295	27,411	8,090
2015	합계	65~69	434,319	321,733	74,690	29,700	8,196	205,890	178,400	9,906	13,895	3,689	228,429	143,333	64,784	15,805	4,507
2015	합계	70~74	337,207	228,683	87,629	16,397	4,498	159,007	137,072	12,310	7,796	1,829	178,200	91,611	75,319	8,601	2,669
2015	합계	75~79	225,924	129,885	86,402	7,077	2,560	98,952	83,445	11,558	3,208	741	126,972	46,440	74,844	3,869	1,819
2015	합계	80~84	121,873	51,486	66,879	2,275	1,233	44,602	35,363	8,113	932	194	77,271	16,123	58,766	1,343	1,039
2015	합계	85세 이상	81,098	19,023	59,894	1,152	1,029	22,070	14,478	7,061	383	148	59,028	4,545	52,833	769	881
2015	종로구	계	131,531	65,088	9,098	5,763	51,582	64,386	33,278	1,207	2,411	27,490	67,145	31,810	7,891	3,352	24,092
2015	종로구	 15~19	9,675	-	10	-	9,665	5,075	-	10	-	5,065	4,600	-	-	-	4,600
2015	종로구	20~24	11,732	82	13	-	11,637	5,825	24	11	-	5,790	5,907	58	2	-	5,847
2015	종로구	25~29	12,037	873	4	5	11,155	6,251	300	1	1	5,949	5,786	573	3	4	5,206
2015	종로구	30~34	10,784	3,694	13	61	7,016	5,589	1,683	5	18	3,883	5,195	2,011	8	43	3,133
2015	종로구	35~39	9,524	5,493	17	189	3,825	4,685	2,492	-	63	2,130	4,839	3,001	17	126	1,695
2015	종로구	40~44	11,756	7,890	71	623	3,172	5,805	3,759	22	231	1,793	5,951	4,131	49	392	1,379
2015	종로구	45~49	11,958	8,847	98	1,120	1,893	5,819	4,270	9	461	1,079	6,139	4,577	89	659	814
2015	종로구	50~54	12,053	9,451	377	1,092	1,133	6,069	4,913	58	420	678	5,984	4,538	319	672	455
2015	종로구	55~59	11,181	8,736	515	1,106	824	5,501	4,521	84	503	393	5,680	4,215	431	603	431
2015	종로구	60~64	8,547	6,538	881	597	531	4,194	3,517	76	243	358	4,353	3,021	805	354	173
2015	종로구	65~69	7,035	5,011	1,172	547	305	3,225	2,593	153	283	196	3,810	2,418	1,019	264	109
2015	종로구	70~74	6,344	4,141	1,723	285	195	2,857	2,406	225	124	102	3,487	1,735	1,498	161	93
2015	종로구	75~79	4,552	2,641	1,698	84	129	1,951	1,616	231	50	54	2,601	1,025	1,467	34	75
2015	종로구	80~84	2,532	1,144	1,278	31	79	964	755	186	13	10	1,568	389	1,092	18	69
2015	종로구	85세 이상	1,821	547	1,228	23	23	576	429	136	1	10	1,245	118	1,092	22	13
2015	중구	계	106,393	51,446	8,894	6,197	39,856	52,251	26,348	1,518	2,977	21,408	54,142	25,098	7,376	3,220	18,448
2015	중구	 15~19	5,817	-	-	-	5,817	2,707	-	-	-	2,707	3,110	-	-	-	3,110
2015	중구	20~24	8,212	61	2	4	8,145	4,090	10	-	-	4,080	4,122	51	2	4	4,065
2015	중구	25~29	9,271	915	2	14	8,340	4,720	245	1	-	4,474	4,551	670	1	14	3,866
2015	중구	30~34	10,396	4,190	5	92	6,109	5,356	1,795	5	24	3,532	5,040	2,395	-	68	2,577
2015	중구	35~39	9,183	5,416	14	141	3,612	4,709	2,550	5	39	2,115	4,474	2,866	9	102	1,497
2015	중구	40~44	9,257	5,678	58	657	2,864	4,852	2,862	15	295	1,680	4,405	2,816	43	362	1,184
2015	중구	45~49	9,007	5,803	157	971	2,076	4,585	2,852	50	405	1,278	4,422	2,951	107	566	798
2015	중구	50~54	9,630	6,661	410	1,270	1,289	4,799	3,381	82	517	819	4,831	3,280	328	753	470
2015	중구	55~59	10,028	7,379	696	1,215	738	4,943	3,802	140	600	401	5,085	3,577	556	615	337
2015	중구	60~64	7,506	5,515	875	803	313	3,654	2,871	143	458	182	3,852	2,644	732	345	131
2015	중구	65~69	6,041	3,983	1,288	550	220	2,901	2,268	241	331	61	3,140	1,715	1,047	219	159
2015	중구	70~74	5,041	2,908	1,664	320	149	2,285	1,738	298	208	41	2,756	1,170	1,366	112	108
2015	중구	75~79	3,636	1,824	1,567	134	111	1,559	1,168	287	84	20	2,077	656	1,280	50	91
2015	중구	80~84	1,989	799	1,135	8	47	670	543	113	6	8	1,319	256	1,022	2	39
2015	중구	85세 이상	1,379	314	1,021	18	26	421	263	138	10	10	958	51	883	8	16
2015	용산구	계	187,585	98,040	13,030	9,256	67,259	89,800	49,544	1,759	3,687	34,810	97,785	48,496	11,271	5,569	32,449
2015	용산구	 15~19	10,136	-	1	-	10,135	5,157	-	-	-	5,157	4,979	-	1	-	4,978
2015	용산구	20~24	13,262	112	1	-	13,149	6,123	27	-	-	6,096	7,139	85	1	-	7,053
2015	용산구	25~29	15,453	1,616	-	16	13,821	7,436	459	-	-	6,977	8,017	1,157	-	16	6,844
2015	용산구	30~34	18,808	7,618	-	194	10,996	9,361	3,271	-	72	6,018	9,447	4,347	-	122	4,978
2015	용산구	35~39	17,406	10,548	20	398	6,440	8,565	4,903	7	174	3,481	8,841	5,645	13	224	2,959
2015	용산구	40~44	18,270	12,091	86	1,152	4,941	9,259	5,980	15	376	2,888	9,011	6,111	71	776	2,053
2015	용산구	45~49	17,419	12,429	246	1,475	3,269	8,652	6,245	67	552	1,788	8,767	6,184	179	923	1,481
2015	용산구	50~54	16,944	12,770	583	1,850	1,741	8,241	6,448	95	722	976	8,703	6,322	488	1,128	765
2015	용산구	55~59	16,323	12,629	920	1,496	1,278	7,871	6,342	159	676	694	8,452	6,287	761	820	584
2015	용산구	60~64	12,268	9,250	1,172	1,225	621	5,802	4,782	170	509	341	6,466	4,468	1,002	716	280
2015	용산구	65~69	10,058	7,398	1,571	759	330	4,606	3,907	191	333	175	5,452	3,491	1,380	426	155
2015	용산구	70~74	8,660	5,772	2,215	411	262	3,916	3,309	276	192	139	4,744	2,463	1,939	219	123
2015	용산구	75~79	6,565	3,487	2,713	205	160	2,682	2,222	336	58	66	3,883	1,265	2,377	147	94
2015	용산구	80~84	3,617	1,685	1,829	33	70	1,397	1,160	217	16	4	2,220	525	1,612	17	66
2015	용산구	85세 이상	2,396	635	1,673	42	46	732	489	226	7	10	1,664	146	1,447	35	36
2015	성동구	계	251,484	133,368	15,150	12,021	90,945	124,307	67,815	1,941	4,980	49,571	127,177	65,553	13,209	7,041	41,374
2015	성동구	 15~19	14,366	6	-	-	14,360	7,260	6	-	-	7,254	7,106	-	-	-	7,106
2015	성동구	20~24	21,102	195	-	-	20,907	10,995	57	-	-	10,938	10,107	138	-	-	9,969
2015	성동구	25~29	22,795	2,303	-	22	20,470	11,503	635	-	6	10,862	11,292	1,668	-	16	9,608
2015	성동구	30~34	25,170	11,418	5	244	13,503	12,568	4,853	5	60	7,650	12,602	6,565	-	184	5,853
2015	성동구	35~39	23,828	15,407	30	636	7,755	12,231	7,558	6	191	4,476	11,597	7,849	24	445	3,279
2015	성동구	40~44	24,065	16,547	127	1,498	5,893	12,415	8,288	21	539	3,567	11,650	8,259	106	959	2,326
2015	성동구	45~49	22,729	16,795	323	2,068	3,543	11,470	8,358	31	908	2,173	11,259	8,437	292	1,160	1,370
2015	성동구	50~54	23,273	17,988	820	2,466	1,999	11,682	8,941	184	1,130	1,427	11,591	9,047	636	1,336	572
2015	성동구	55~59	22,183	17,560	1,207	2,082	1,334	10,892	9,111	159	876	746	11,291	8,449	1,048	1,206	588
2015	성동구	60~64	15,802	12,240	1,548	1,377	637	7,616	6,481	196	655	284	8,186	5,759	1,352	722	353
2015	성동구	65~69	12,511	9,310	2,107	842	252	5,891	5,147	305	328	111	6,620	4,163	1,802	514	141
2015	성동구	70~74	10,333	7,148	2,616	425	144	4,698	4,147	317	174	60	5,635	3,001	2,299	251	84
2015	성동구	75~79	7,128	4,087	2,729	244	68	3,019	2,581	329	91	18	4,109	1,506	2,400	153	50
2015	성동구	80~84	3,766	1,686	1,976	69	35	1,403	1,155	221	22	5	2,363	531	1,755	47	30
2015	성동구	85세 이상	2,433	678	1,662	48	45	664	497	167	-	-	1,769	181	1,495	48	45
2015	광진구	계	312,181	155,228	16,751	16,221	123,981	152,559	78,894	2,230	6,306	65,129	159,622	76,334	14,521	9,915	58,852
2015	광진구	 15~19	19,987	7	1	-	19,979	10,089	1	-	-	10,088	9,898	6	1	-	9,891
2015	광진구	20~24	29,610	299	8	14	29,289	14,592	108	4	14	14,466	15,018	191	4	-	14,823
2015	광진구	25~29	32,461	3,007	20	68	29,366	15,891	873	8	24	14,986	16,570	2,134	12	44	14,380
2015	광진구	30~34	33,240	13,090	13	325	19,812	16,733	5,918	11	82	10,722	16,507	7,172	2	243	9,090
2015	광진구	35~39	27,753	16,026	72	899	10,756	14,109	7,650	22	333	6,104	13,644	8,376	50	566	4,652
2015	광진구	40~44	28,589	19,982	203	1,891	6,513	14,171	9,719	21	689	3,742	14,418	10,263	182	1,202	2,771
2015	광진구	45~49	28,676	21,131	478	3,146	3,921	13,911	10,380	78	1,065	2,388	14,765	10,751	400	2,081	1,533
2015	광진구	50~54	27,925	21,285	976	3,517	2,147	13,687	10,688	143	1,411	1,445	14,238	10,597	833	2,106	702
2015	광진구	55~59	26,487	20,912	1,587	2,787	1,201	12,865	10,797	240	1,086	742	13,622	10,115	1,347	1,701	459
2015	광진구	60~64	18,935	14,925	1,874	1,679	457	9,171	7,972	268	702	229	9,764	6,953	1,606	977	228
2015	광진구	65~69	14,066	10,558	2,260	980	268	6,672	5,757	312	462	141	7,394	4,801	1,948	518	127
2015	광진구	70~74	10,864	7,446	2,751	593	74	5,259	4,637	339	269	14	5,605	2,809	2,412	324	60
2015	광진구	75~79	7,303	4,387	2,577	221	118	3,306	2,808	336	128	34	3,997	1,579	2,241	93	84
2015	광진구	80~84	3,780	1,511	2,157	87	25	1,390	1,083	263	29	15	2,390	428	1,894	58	10
2015	광진구	85세 이상	2,505	662	1,774	14	55	713	503	185	12	13	1,792	159	1,589	2	42
2015	동대문구	계	311,471	156,952	21,649	16,655	116,215	155,099	80,230	3,238	7,405	64,226	156,372	76,722	18,411	9,250	51,989
2015	동대문구	 15~19	18,690	27	4	1	18,658	9,309	1	1	1	9,306	9,381	26	3	-	9,352
2015	동대문구	20~24	29,699	303	8	18	29,370	14,875	127	3	12	14,733	14,824	176	5	6	14,637
2015	동대문구	25~29	28,587	2,631	22	95	25,839	15,665	855	19	59	14,732	12,922	1,776	3	36	11,107
2015	동대문구	30~34	28,426	11,460	8	227	16,731	14,531	4,842	7	103	9,579	13,895	6,618	1	124	7,152
2015	동대문구	35~39	26,624	16,547	33	797	9,247	13,764	7,923	1	320	5,520	12,860	8,624	32	477	3,727
2015	동대문구	40~44	27,677	18,628	160	1,997	6,892	14,438	9,150	34	787	4,467	13,239	9,478	126	1,210	2,425
2015	동대문구	45~49	26,476	19,404	346	2,589	4,137	13,376	9,457	88	1,094	2,737	13,100	9,947	258	1,495	1,400
2015	동대문구	50~54	26,792	20,375	989	3,248	2,180	13,474	10,436	146	1,381	1,511	13,318	9,939	843	1,867	669
2015	동대문구	55~59	27,261	20,792	1,843	3,069	1,557	13,209	10,434	414	1,422	939	14,052	10,358	1,429	1,647	618
2015	동대문구	60~64	21,558	16,398	2,286	2,099	775	10,341	8,671	351	946	373	11,217	7,727	1,935	1,153	402
2015	동대문구	65~69	17,424	12,570	3,224	1,186	444	8,362	7,021	465	660	216	9,062	5,549	2,759	526	228
2015	동대문구	70~74	14,358	9,508	3,801	870	179	6,652	5,650	514	419	69	7,706	3,858	3,287	451	110
2015	동대문구	75~79	9,693	5,461	3,814	319	99	4,278	3,604	507	151	16	5,415	1,857	3,307	168	83
2015	동대문구	80~84	5,144	2,119	2,835	120	70	1,940	1,475	393	50	22	3,204	644	2,442	70	48
2015	동대문구	85세 이상	3,062	729	2,276	20	37	885	584	295	-	6	2,177	145	1,981	20	31
2015	중랑구	계	352,356	182,391	25,240	24,512	120,213	174,392	93,049	3,925	10,277	67,141	177,964	89,342	21,315	14,235	53,072
2015	중랑구	 15~19	21,240	14	-	-	21,226	10,954	-	-	-	10,954	10,286	14	-	-	10,272
2015	중랑구	20~24	27,901	352	2	34	27,513	14,083	62	-	24	13,997	13,818	290	2	10	13,516
2015	중랑구	25~29	28,466	3,340	7	88	25,031	14,225	1,068	1	13	13,143	14,241	2,272	6	75	11,888
2015	중랑구	30~34	32,967	14,440	39	522	17,966	17,168	6,453	8	118	10,589	15,799	7,987	31	404	7,377
2015	중랑구	35~39	30,309	18,479	40	1,106	10,684	15,917	9,208	3	392	6,314	14,392	9,271	37	714	4,370
2015	중랑구	40~44	31,103	20,301	218	2,894	7,690	15,922	9,813	35	929	5,145	15,181	10,488	183	1,965	2,545
2015	중랑구	45~49	33,298	23,155	765	4,433	4,945	16,444	11,074	179	1,646	3,545	16,854	12,081	586	2,787	1,400
2015	중랑구	50~54	35,504	26,382	1,308	5,298	2,516	17,461	12,971	224	2,414	1,852	18,043	13,411	1,084	2,884	664
2015	중랑구	55~59	34,584	25,861	2,411	4,868	1,444	17,050	13,509	430	2,125	986	17,534	12,352	1,981	2,743	458
2015	중랑구	60~64	24,919	18,741	3,052	2,485	641	12,136	10,019	511	1,232	374	12,783	8,722	2,541	1,253	267
2015	중랑구	65~69	19,142	13,522	3,825	1,509	286	9,127	7,574	587	789	177	10,015	5,948	3,238	720	109
2015	중랑구	70~74	15,126	9,976	4,258	767	125	7,164	5,990	744	394	36	7,962	3,986	3,514	373	89
2015	중랑구	75~79	9,545	5,360	3,836	297	52	4,206	3,523	548	115	20	5,339	1,837	3,288	182	32
2015	중랑구	80~84	5,007	1,878	2,926	150	53	1,795	1,331	371	85	8	3,212	547	2,555	65	45
2015	중랑구	85세 이상	3,245	590	2,553	61	41	740	454	284	1	1	2,505	136	2,269	60	40
2015	성북구	계	389,212	209,222	25,253	17,439	137,298	187,671	105,982	3,290	6,829	71,570	201,541	103,240	21,963	10,610	65,728
2015	성북구	 15~19	25,438	31	5	5	25,397	12,473	13	3	5	12,452	12,965	18	2	-	12,945
2015	성북구	20~24	36,595	287	23	26	36,259	17,143	84	9	12	17,038	19,452	203	14	14	19,221
2015	성북구	25~29	32,460	3,286	21	74	29,079	16,550	1,059	15	56	15,420	15,910	2,227	6	18	13,659
2015	성북구	30~34	33,877	15,342	21	335	18,179	17,045	6,657	9	141	10,238	16,832	8,685	12	194	7,941
2015	성북구	35~39	33,790	22,543	99	842	10,306	16,748	10,429	24	264	6,031	17,042	12,114	75	578	4,275
2015	성북구	40~44	38,826	28,574	241	2,190	7,821	19,633	14,159	48	744	4,682	19,193	14,415	193	1,446	3,139
2015	성북구	45~49	35,924	27,911	490	3,156	4,367	17,945	13,928	106	1,147	2,764	17,979	13,983	384	2,009	1,603
2015	성북구	50~54	33,726	26,841	1,085	3,180	2,620	16,340	13,377	205	1,227	1,531	17,386	13,464	880	1,953	1,089
2015	성북구	55~59	33,481	27,060	1,878	3,023	1,520	15,866	13,710	198	1,167	791	17,615	13,350	1,680	1,856	729
2015	성북구	60~64	25,186	19,955	2,565	1,885	781	12,014	10,539	270	844	361	13,172	9,416	2,295	1,041	420
2015	성북구	65~69	20,400	14,907	3,661	1,408	424	9,240	7,978	421	682	159	11,160	6,929	3,240	726	265
2015	성북구	70~74	17,425	11,731	4,656	817	221	8,040	6,961	685	337	57	9,385	4,770	3,971	480	164
2015	성북구	75~79	11,993	7,125	4,325	366	177	5,178	4,441	553	149	35	6,815	2,684	3,772	217	142
2015	성북구	80~84	6,234	2,807	3,264	83	80	2,390	1,988	366	34	2	3,844	819	2,898	49	78
2015	성북구	85세 이상	3,857	822	2,919	49	67	1,066	659	378	20	9	2,791	163	2,541	29	58
2015	강북구	계	280,887	144,484	22,352	19,397	94,654	136,620	73,537	3,125	7,958	52,000	144,267	70,947	19,227	11,439	42,654
2015	강북구	 15~19	16,934	7	-	-	16,927	8,609	-	-	-	8,609	8,325	7	-	-	8,318
2015	강북구	20~24	21,496	363	1	25	21,107	10,628	103	1	13	10,511	10,868	260	-	12	10,596
2015	강북구	25~29	19,705	2,352	1	92	17,260	10,100	798	-	46	9,256	9,605	1,554	1	46	8,004
2015	강북구	30~34	23,832	9,259	17	330	14,226	12,412	3,977	1	76	8,358	11,420	5,282	16	254	5,868
2015	강북구	35~39	23,378	13,541	62	867	8,908	12,185	6,451	14	353	5,367	11,193	7,090	48	514	3,541
2015	강북구	40~44	26,261	16,436	201	2,326	7,298	13,530	8,273	34	741	4,482	12,731	8,163	167	1,585	2,816
2015	강북구	45~49	26,077	18,049	505	3,337	4,186	12,757	8,624	82	1,363	2,688	13,320	9,425	423	1,974	1,498
2015	강북구	50~54	25,897	18,908	1,048	3,764	2,177	12,431	9,244	187	1,557	1,443	13,466	9,664	861	2,207	734
2015	강북구	55~59	26,335	19,710	1,740	3,716	1,169	12,633	10,068	284	1,602	679	13,702	9,642	1,456	2,114	490
2015	강북구	60~64	20,673	15,251	2,616	2,196	610	9,564	7,779	488	963	334	11,109	7,472	2,128	1,233	276
2015	강북구	65~69	17,535	12,460	3,422	1,349	304	7,841	6,722	414	574	131	9,694	5,738	3,008	775	173
2015	강북구	70~74	15,177	9,842	4,279	834	222	6,873	5,824	549	418	82	8,304	4,018	3,730	416	140
2015	강북구	75~79	9,957	5,528	3,854	413	162	4,417	3,604	564	198	51	5,540	1,924	3,290	215	111
2015	강북구	80~84	4,705	2,027	2,493	119	66	1,837	1,492	297	47	1	2,868	535	2,196	72	65
2015	강북구	85세 이상	2,925	751	2,113	29	32	803	578	210	7	8	2,122	173	1,903	22	24
2015	도봉구	계	297,441	162,615	20,913	16,590	97,323	144,299	81,871	3,257	6,828	52,343	153,142	80,744	17,656	9,762	44,980
2015	도봉구	 15~19	20,145	13	1	-	20,131	10,182	-	-	-	10,182	9,963	13	1	-	9,949
2015	도봉구	20~24	24,087	316	1	16	23,754	11,861	118	-	1	11,742	12,226	198	1	15	12,012
2015	도봉구	25~29	21,873	2,402	12	62	19,397	11,100	698	10	20	10,372	10,773	1,704	2	42	9,025
2015	도봉구	30~34	24,568	11,220	31	276	13,041	12,579	4,807	15	101	7,656	11,989	6,413	16	175	5,385
2015	도봉구	35~39	23,901	15,339	56	862	7,644	12,053	7,217	10	325	4,501	11,848	8,122	46	537	3,143
2015	도봉구	40~44	27,079	19,479	158	1,862	5,580	13,427	9,268	33	628	3,498	13,652	10,211	125	1,234	2,082
2015	도봉구	45~49	28,684	21,582	511	3,037	3,554	13,786	10,362	78	1,140	2,206	14,898	11,220	433	1,897	1,348
2015	도봉구	50~54	29,376	23,244	838	3,258	2,036	14,072	11,394	175	1,284	1,219	15,304	11,850	663	1,974	817
2015	도봉구	55~59	29,592	23,550	1,721	3,222	1,099	14,137	11,959	298	1,345	535	15,455	11,591	1,423	1,877	564
2015	도봉구	60~64	21,456	16,743	2,246	2,001	466	10,489	8,968	380	953	188	10,967	7,775	1,866	1,048	278
2015	도봉구	65~69	15,863	11,721	2,817	985	340	7,666	6,585	426	485	170	8,197	5,136	2,391	500	170
2015	도봉구	70~74	13,186	8,713	3,786	565	122	6,168	5,147	674	309	38	7,018	3,566	3,112	256	84
2015	도봉구	75~79	9,226	5,402	3,443	261	120	3,978	3,311	503	138	26	5,248	2,091	2,940	123	94
2015	도봉구	80~84	5,070	2,123	2,794	125	28	1,847	1,461	324	60	2	3,223	662	2,470	65	26
2015	도봉구	85세 이상	3,335	768	2,498	58	11	954	576	331	39	8	2,381	192	2,167	19	3
2015	노원구	계	483,317	264,456	34,392	22,214	162,255	233,117	132,566	4,835	8,515	87,201	250,200	131,890	29,557	13,699	75,054
2015	노원구	 15~19	40,631	2	3	1	40,625	21,152	2	1	1	21,148	19,479	-	2	-	19,477
2015	노원구	20~24	42,338	304	14	13	42,007	22,041	89	6	-	21,946	20,297	215	8	13	20,061
2015	노원구	25~29	34,172	4,028	1	65	30,078	17,358	1,224	1	14	16,119	16,814	2,804	-	51	13,959
2015	노원구	30~34	39,146	19,440	38	288	19,380	19,441	8,494	16	120	10,811	19,705	10,946	22	168	8,569
2015	노원구	35~39	40,584	28,792	110	1,020	10,662	19,995	13,241	38	325	6,391	20,589	15,551	72	695	4,271
2015	노원구	40~44	49,124	38,113	335	2,587	8,089	23,214	17,615	46	906	4,647	25,910	20,498	289	1,681	3,442
2015	노원구	45~49	51,655	42,008	896	3,983	4,768	25,038	20,730	228	1,208	2,872	26,617	21,278	668	2,775	1,896
2015	노원구	50~54	46,241	37,178	1,845	4,644	2,574	22,571	18,941	316	1,850	1,464	23,670	18,237	1,529	2,794	1,110
2015	노원구	55~59	42,713	33,525	3,064	4,050	2,074	20,509	17,304	477	1,635	1,093	22,204	16,221	2,587	2,415	981
2015	노원구	60~64	30,198	23,344	3,517	2,471	866	14,274	12,394	491	1,009	380	15,924	10,950	3,026	1,462	486
2015	노원구	65~69	22,547	15,433	5,042	1,568	504	10,425	8,768	732	754	171	12,122	6,665	4,310	814	333
2015	노원구	70~74	17,853	10,999	5,574	923	357	7,817	6,448	818	461	90	10,036	4,551	4,756	462	267
2015	노원구	75~79	13,156	6,900	5,740	380	136	5,301	4,333	767	145	56	7,855	2,567	4,973	235	80
2015	노원구	80~84	7,782	3,127	4,429	137	89	2,580	2,024	490	57	9	5,202	1,103	3,939	80	80
2015	노원구	85세 이상	5,177	1,263	3,784	84	46	1,401	959	408	30	4	3,776	304	3,376	54	42
2015	은평구	계	413,163	222,151	29,039	23,394	138,579	199,401	112,275	3,947	8,747	74,432	213,762	109,876	25,092	14,647	64,147
2015	은평구	 15~19	26,830	1	4	-	26,825	13,642	1	-	-	13,641	13,188	-	4	-	13,184
2015	은평구	20~24	30,266	428	2	19	29,817	15,263	98	-	11	15,154	15,003	330	2	8	14,663
2015	은평구	25~29	30,434	3,946	16	66	26,406	14,717	1,272	-	1	13,444	15,717	2,674	16	65	12,962
2015	은평구	30~34	37,899	16,799	24	414	20,662	18,978	7,198	7	142	11,631	18,921	9,601	17	272	9,031
2015	은평구	35~39	38,375	24,012	121	1,103	13,139	19,273	11,219	38	319	7,697	19,102	12,793	83	784	5,442
2015	은평구	40~44	41,513	29,130	334	2,542	9,507	20,968	14,210	80	800	5,878	20,545	14,920	254	1,742	3,629
2015	은평구	45~49	38,988	29,280	628	4,189	4,891	19,014	14,403	105	1,627	2,879	19,974	14,877	523	2,562	2,012
2015	은평구	50~54	37,188	28,170	1,352	4,635	3,031	17,804	14,152	205	1,691	1,756	19,384	14,018	1,147	2,944	1,275
2015	은평구	55~59	37,697	28,875	2,299	4,595	1,928	17,825	14,506	384	1,754	1,181	19,872	14,369	1,915	2,841	747
2015	은평구	60~64	27,912	20,887	3,426	2,553	1,046	12,995	10,906	503	1,016	570	14,917	9,981	2,923	1,537	476
2015	은평구	65~69	23,175	16,507	4,345	1,697	626	10,641	9,035	561	740	305	12,534	7,472	3,784	957	321
2015	은평구	70~74	18,994	12,700	5,090	878	326	8,716	7,528	700	313	175	10,278	5,172	4,390	565	151
2015	은평구	75~79	13,114	7,605	4,787	526	196	5,784	4,876	535	276	97	7,330	2,729	4,252	250	99
2015	은평구	80~84	6,645	2,882	3,514	125	124	2,573	2,134	371	55	13	4,072	748	3,143	70	111
2015	은평구	85세 이상	4,133	929	3,097	52	55	1,208	737	458	2	11	2,925	192	2,639	50	44
2015	서대문구	계	265,026	133,548	18,391	12,710	100,377	126,776	67,764	2,327	5,032	51,653	138,250	65,784	16,064	7,678	48,724
2015	서대문구	 15~19	17,204	9	-	-	17,195	8,282	-	-	-	8,282	8,922	9	-	-	8,913
2015	서대문구	20~24	26,672	200	-	16	26,456	12,367	58	-	1	12,308	14,305	142	-	15	14,148
2015	서대문구	25~29	24,067	1,874	-	74	22,119	12,216	507	-	10	11,699	11,851	1,367	-	64	10,420
2015	서대문구	30~34	22,741	9,128	6	172	13,435	11,484	3,966	-	45	7,473	11,257	5,162	6	127	5,962
2015	서대문구	35~39	21,303	13,033	59	651	7,560	10,830	6,144	15	264	4,407	10,473	6,889	44	387	3,153
2015	서대문구	40~44	23,771	16,530	83	1,362	5,796	11,872	7,996	9	486	3,381	11,899	8,534	74	876	2,415
2015	서대문구	45~49	23,893	17,949	267	2,209	3,468	11,627	8,735	29	868	1,995	12,266	9,214	238	1,341	1,473
2015	서대문구	50~54	23,009	17,984	649	2,421	1,955	11,122	8,955	138	946	1,083	11,887	9,029	511	1,475	872
2015	서대문구	55~59	22,279	17,508	1,187	2,447	1,137	10,784	9,203	146	886	549	11,495	8,305	1,041	1,561	588
2015	서대문구	60~64	16,508	12,684	1,862	1,387	575	7,702	6,597	220	624	261	8,806	6,087	1,642	763	314
2015	서대문구	65~69	14,045	10,207	2,615	850	373	6,279	5,471	251	432	125	7,766	4,736	2,364	418	248
2015	서대문구	70~74	12,498	8,314	3,354	657	173	5,480	4,707	437	268	68	7,018	3,607	2,917	389	105
2015	서대문구	75~79	9,284	5,233	3,624	315	112	4,012	3,368	476	146	22	5,272	1,865	3,148	169	90
2015	서대문구	80~84	4,814	2,196	2,514	89	15	1,827	1,477	308	42	-	2,987	719	2,206	47	15
2015	서대문구	85세 이상	2,938	699	2,171	60	8	892	580	298	14	-	2,046	119	1,873	46	8
2015	마포구	계	323,869	166,442	20,057	14,193	123,177	154,021	83,386	2,717	5,480	62,438	169,848	83,056	17,340	8,713	60,739
2015	마포구	 15~19	18,248	6	-	-	18,242	9,273	-	-	-	9,273	8,975	6	-	-	8,969
2015	마포구	20~24	26,725	211	4	22	26,488	12,655	29	1	8	12,617	14,070	182	3	14	13,871
2015	마포구	25~29	31,076	3,397	3	40	27,636	14,478	889	-	8	13,581	16,598	2,508	3	32	14,055
2015	마포구	30~34	36,659	15,484	7	313	20,855	17,818	6,570	7	140	11,101	18,841	8,914	-	173	9,754
2015	마포구	35~39	32,977	20,616	80	638	11,643	16,095	9,748	35	190	6,122	16,882	10,868	45	448	5,521
2015	마포구	40~44	33,751	23,432	157	1,792	8,370	16,960	11,819	57	557	4,527	16,791	11,613	100	1,235	3,843
2015	마포구	45~49	28,685	21,091	420	2,600	4,574	14,208	10,657	85	1,013	2,453	14,477	10,434	335	1,587	2,121
2015	마포구	50~54	26,541	20,268	841	2,863	2,569	12,704	9,981	145	1,111	1,467	13,837	10,287	696	1,752	1,102
2015	마포구	55~59	25,288	19,753	1,621	2,410	1,504	12,031	10,077	259	931	764	13,257	9,676	1,362	1,479	740
2015	마포구	60~64	18,283	13,984	2,045	1,619	635	8,460	7,230	323	633	274	9,823	6,754	1,722	986	361
2015	마포구	65~69	14,979	10,902	2,717	1,021	339	6,578	5,592	368	467	151	8,401	5,310	2,349	554	188
2015	마포구	70~74	12,946	8,682	3,497	600	167	5,742	4,954	410	286	92	7,204	3,728	3,087	314	75
2015	마포구	75~79	9,418	5,479	3,654	198	87	4,121	3,538	464	111	8	5,297	1,941	3,190	87	79
2015	마포구	80~84	5,153	2,310	2,744	62	37	1,933	1,580	329	19	5	3,220	730	2,415	43	32
2015	마포구	85세 이상	3,140	827	2,267	15	31	965	722	234	6	3	2,175	105	2,033	9	28
2015	양천구	계	394,857	224,512	22,326	18,829	129,190	193,514	113,050	3,063	7,229	70,172	201,343	111,462	19,263	11,600	59,018
2015	양천구	 15~19	33,308	12	-	-	33,296	17,812	7	-	-	17,805	15,496	5	-	-	15,491
2015	양천구	20~24	31,564	230	1	24	31,309	16,502	38	1	18	16,445	15,062	192	-	6	14,864
2015	양천구	25~29	27,744	3,128	1	56	24,559	13,659	980	1	14	12,664	14,085	2,148	-	42	11,895
2015	양천구	30~34	32,462	15,054	8	329	17,071	16,244	6,379	1	124	9,740	16,218	8,675	7	205	7,331
2015	양천구	35~39	32,610	22,177	73	987	9,373	15,856	10,218	9	349	5,280	16,754	11,959	64	638	4,093
2015	양천구	40~44	40,979	32,643	231	2,014	6,091	18,984	14,569	30	532	3,853	21,995	18,074	201	1,482	2,238
2015	양천구	45~49	45,264	37,620	614	3,521	3,509	22,127	18,615	138	1,186	2,188	23,137	19,005	476	2,335	1,321
2015	양천구	50~54	41,153	34,366	1,100	3,775	1,912	20,751	18,024	194	1,363	1,170	20,402	16,342	906	2,412	742
2015	양천구	55~59	36,076	29,616	1,870	3,445	1,145	17,593	15,239	265	1,425	664	18,483	14,377	1,605	2,020	481
2015	양천구	60~64	25,275	20,198	2,514	2,146	417	12,508	11,003	376	950	179	12,767	9,195	2,138	1,196	238
2015	양천구	65~69	18,251	13,760	2,995	1,293	203	9,262	8,160	401	614	87	8,989	5,600	2,594	679	116
2015	양천구	70~74	12,927	8,465	3,551	780	131	6,171	5,169	514	443	45	6,756	3,296	3,037	337	86
2015	양천구	75~79	8,708	4,581	3,723	311	93	3,500	2,809	497	154	40	5,208	1,772	3,226	157	53
2015	양천구	80~84	4,980	1,845	3,001	99	35	1,629	1,267	332	21	9	3,351	578	2,669	78	26
2015	양천구	85세 이상	3,556	817	2,644	49	46	916	573	304	36	3	2,640	244	2,340	13	43
2015	강서구	계	489,344	266,086	31,244	28,188	163,826	236,868	133,441	4,208	10,966	88,253	252,476	132,645	27,036	17,222	75,573
2015	강서구	 15~19	29,832	32	-	-	29,800	15,259	8	-	-	15,251	14,573	24	-	-	14,549
2015	강서구	20~24	36,548	472	6	20	36,050	18,417	134	-	2	18,281	18,131	338	6	18	17,769
2015	강서구	25~29	41,382	5,910	15	134	35,323	19,798	1,818	2	33	17,945	21,584	4,092	13	101	17,378
2015	강서구	30~34	53,356	26,099	8	492	26,757	27,098	11,425	4	201	15,468	26,258	14,674	4	291	11,289
2015	강서구	35~39	48,899	32,353	99	1,293	15,154	24,806	15,442	15	452	8,897	24,093	16,911	84	841	6,257
2015	강서구	40~44	47,186	34,736	234	2,951	9,265	23,830	17,171	29	1,116	5,514	23,356	17,565	205	1,835	3,751
2015	강서구	45~49	43,098	32,848	752	4,641	4,857	20,796	16,001	104	1,612	3,079	22,302	16,847	648	3,029	1,778
2015	강서구	50~54	44,464	34,531	1,550	5,746	2,637	21,091	17,115	164	2,190	1,622	23,373	17,416	1,386	3,556	1,015
2015	강서구	55~59	45,630	34,814	3,078	5,751	1,987	21,420	17,438	527	2,182	1,273	24,210	17,376	2,551	3,569	714
2015	강서구	60~64	33,508	25,400	3,795	3,381	932	15,681	13,243	547	1,381	510	17,827	12,157	3,248	2,000	422
2015	강서구	65~69	24,932	17,790	4,583	2,063	496	12,152	10,360	590	978	224	12,780	7,430	3,993	1,085	272
2015	강서구	70~74	17,220	11,246	4,586	1,119	269	8,308	6,878	735	566	129	8,912	4,368	3,851	553	140
2015	강서구	75~79	11,387	6,229	4,608	388	162	4,633	3,874	545	161	53	6,754	2,355	4,063	227	109
2015	강서구	80~84	6,862	2,613	4,080	137	32	2,303	1,755	485	63	-	4,559	858	3,595	74	32
2015	강서구	85세 이상	5,040	1,013	3,850	72	105	1,276	779	461	29	7	3,764	234	3,389	43	98
2015	구로구	계	352,145	199,935	21,259	16,238	114,713	174,258	100,951	3,116	6,755	63,436	177,887	98,984	18,143	9,483	51,277
2015	구로구	 15~19	20,111	14	2	1	20,094	10,495	1	1	1	10,492	9,616	13	1	-	9,602
2015	구로구	20~24	25,018	269	6	25	24,718	12,664	60	1	6	12,597	12,354	209	5	19	12,121
2015	구로구	25~29	28,312	3,407	13	70	24,822	13,849	935	2	22	12,890	14,463	2,472	11	48	11,932
2015	구로구	30~34	37,143	17,937	23	292	18,891	18,532	7,561	3	100	10,868	18,611	10,376	20	192	8,023
2015	구로구	35~39	36,023	24,338	82	867	10,736	18,698	11,846	8	308	6,536	17,325	12,492	74	559	4,200
2015	구로구	40~44	34,083	24,759	293	1,906	7,125	17,891	12,546	93	720	4,532	16,192	12,213	200	1,186	2,593
2015	구로구	45~49	31,004	23,635	371	2,962	4,036	15,525	11,385	76	1,263	2,801	15,479	12,250	295	1,699	1,235
2015	구로구	50~54	31,179	24,852	1,122	3,157	2,048	15,255	12,479	196	1,240	1,340	15,924	12,373	926	1,917	708
2015	구로구	55~59	32,310	26,173	1,822	3,112	1,203	15,198	12,722	275	1,299	902	17,112	13,451	1,547	1,813	301
2015	구로구	60~64	25,255	20,467	2,492	1,785	511	12,198	10,714	436	789	259	13,057	9,753	2,056	996	252
2015	구로구	65~69	20,185	15,609	3,098	1,189	289	10,098	9,059	310	587	142	10,087	6,550	2,788	602	147
2015	구로구	70~74	14,453	10,215	3,575	526	137	7,041	6,128	594	260	59	7,412	4,087	2,981	266	78
2015	구로구	75~79	9,437	5,594	3,556	241	46	4,320	3,644	553	122	1	5,117	1,950	3,003	119	45
2015	구로구	80~84	4,707	1,937	2,675	62	33	1,742	1,334	368	24	16	2,965	603	2,307	38	17
2015	구로구	85세 이상	2,925	729	2,129	43	24	752	537	200	14	1	2,173	192	1,929	29	23
2015	금천구	계	201,385	103,201	13,343	13,377	71,464	102,199	52,671	2,036	5,681	41,811	99,186	50,530	11,307	7,696	29,653
2015	금천구	 15~19	11,653	6	-	-	11,647	5,968	5	-	-	5,963	5,685	1	-	-	5,684
2015	금천구	20~24	15,335	286	14	20	15,015	7,968	124	5	10	7,829	7,367	162	9	10	7,186
2015	금천구	25~29	17,407	2,042	10	49	15,306	9,482	665	8	19	8,790	7,925	1,377	2	30	6,516
2015	금천구	30~34	19,193	7,563	7	270	11,353	10,506	3,435	5	61	7,005	8,687	4,128	2	209	4,348
2015	금천구	35~39	17,082	9,887	18	651	6,526	9,258	4,764	10	227	4,257	7,824	5,123	8	424	2,269
2015	금천구	40~44	18,039	11,808	116	1,430	4,685	9,369	5,723	20	471	3,155	8,670	6,085	96	959	1,530
2015	금천구	45~49	19,192	13,295	334	2,469	3,094	9,682	6,463	66	946	2,207	9,510	6,832	268	1,523	887
2015	금천구	50~54	20,422	15,042	776	2,648	1,956	10,220	7,348	146	1,214	1,512	10,202	7,694	630	1,434	444
2015	금천구	55~59	19,216	14,424	1,178	2,658	956	9,477	7,459	162	1,221	635	9,739	6,965	1,016	1,437	321
2015	금천구	60~64	14,312	10,681	1,631	1,553	447	6,950	5,681	279	730	260	7,362	5,000	1,352	823	187
2015	금천구	65~69	10,978	7,838	2,062	868	210	5,398	4,494	345	450	109	5,580	3,344	1,717	418	101
2015	금천구	70~74	8,565	5,752	2,281	415	117	4,120	3,512	351	197	60	4,445	2,240	1,930	218	57
2015	금천구	75~79	5,409	3,031	2,061	255	62	2,379	1,907	336	119	17	3,030	1,124	1,725	136	45
2015	금천구	80~84	2,807	1,168	1,548	61	30	1,034	849	164	16	5	1,773	319	1,384	45	25
2015	금천구	85세 이상	1,775	378	1,307	30	60	388	242	139	-	7	1,387	136	1,168	30	53
2015	영등포구	계	315,330	174,443	18,797	13,947	108,143	156,188	90,056	2,406	5,582	58,144	159,142	84,387	16,391	8,365	49,999
2015	영등포구	 15~19	16,457	1	-	-	16,456	8,592	-	-	-	8,592	7,865	1	-	-	7,864
2015	영등포구	20~24	22,587	159	2	7	22,419	11,174	41	1	6	11,126	11,413	118	1	1	11,293
2015	영등포구	25~29	28,560	3,562	17	21	24,960	13,517	1,062	9	3	12,443	15,043	2,500	8	18	12,517
2015	영등포구	30~34	34,489	14,972	8	271	19,238	17,814	6,633	-	96	11,085	16,675	8,339	8	175	8,153
2015	영등포구	35~39	30,337	19,783	44	777	9,733	15,503	9,543	1	247	5,712	14,834	10,240	43	530	4,021
2015	영등포구	40~44	29,442	20,796	115	1,701	6,830	15,529	10,687	23	754	4,065	13,913	10,109	92	947	2,765
2015	영등포구	45~49	27,933	21,357	340	2,399	3,837	14,227	10,958	25	888	2,356	13,706	10,399	315	1,511	1,481
2015	영등포구	50~54	28,018	22,498	712	2,788	2,020	14,013	11,526	124	1,087	1,276	14,005	10,972	588	1,701	744
2015	영등포구	55~59	28,557	23,239	1,431	2,522	1,365	13,991	11,990	174	975	852	14,566	11,249	1,257	1,547	513
2015	영등포구	60~64	21,279	16,991	1,981	1,650	657	10,292	9,066	271	611	344	10,987	7,925	1,710	1,039	313
2015	영등포구	65~69	17,303	13,368	2,719	937	279	8,352	7,371	355	484	142	8,951	5,997	2,364	453	137
2015	영등포구	70~74	13,195	9,160	3,393	461	181	6,154	5,447	350	248	109	7,041	3,713	3,043	213	72
2015	영등포구	75~79	9,229	5,498	3,387	258	86	4,207	3,603	447	139	18	5,022	1,895	2,940	119	68
2015	영등포구	80~84	4,963	2,295	2,520	100	48	1,952	1,534	357	39	22	3,011	761	2,163	61	26
2015	영등포구	85세 이상	2,981	764	2,128	55	34	871	595	269	5	2	2,110	169	1,859	50	32
2015	동작구	계	348,085	182,083	20,305	14,415	131,282	170,276	91,548	2,789	5,776	70,163	177,809	90,535	17,516	8,639	61,119
2015	동작구	 15~19	20,301	18	31	6	20,246	10,267	8	11	3	10,245	10,034	10	20	3	10,001
2015	동작구	20~24	30,674	155	49	19	30,451	15,548	41	21	14	15,472	15,126	114	28	5	14,979
2015	동작구	25~29	35,019	3,116	9	34	31,860	17,699	919	6	11	16,763	17,320	2,197	3	23	15,097
2015	동작구	30~34	37,997	15,631	17	257	22,092	19,731	6,954	7	124	12,646	18,266	8,677	10	133	9,446
2015	동작구	35~39	32,739	20,884	81	713	11,061	16,727	10,090	1	336	6,300	16,012	10,794	80	377	4,761
2015	동작구	40~44	31,132	21,898	178	1,520	7,536	15,991	11,006	45	570	4,370	15,141	10,892	133	950	3,166
2015	동작구	45~49	28,753	21,956	345	2,456	3,996	14,082	10,821	66	897	2,298	14,671	11,135	279	1,559	1,698
2015	동작구	50~54	28,797	23,162	883	2,968	1,784	13,672	11,215	123	1,272	1,062	15,125	11,947	760	1,696	722
2015	동작구	55~59	29,142	23,601	1,680	2,693	1,168	13,470	11,726	220	973	551	15,672	11,875	1,460	1,720	617
2015	동작구	60~64	22,561	18,460	2,073	1,501	527	10,683	9,518	308	639	218	11,878	8,942	1,765	862	309
2015	동작구	65~69	18,379	13,939	2,980	1,176	284	8,304	7,306	425	456	117	10,075	6,633	2,555	720	167
2015	동작구	70~74	14,485	10,382	3,290	650	163	6,893	6,113	374	329	77	7,592	4,269	2,916	321	86
2015	동작구	75~79	9,661	5,698	3,607	293	63	4,263	3,647	461	120	35	5,398	2,051	3,146	173	28
2015	동작구	80~84	5,197	2,374	2,711	81	31	2,030	1,583	408	32	7	3,167	791	2,303	49	24
2015	동작구	85세 이상	3,248	809	2,371	48	20	916	601	313	-	2	2,332	208	2,058	48	18
2015	관악구	계	447,355	206,304	25,954	22,555	192,542	225,354	104,944	3,646	9,229	107,535	222,001	101,360	22,308	13,326	85,007
2015	관악구	 15~19	23,062	26	-	-	23,036	11,719	15	-	-	11,704	11,343	11	-	-	11,332
2015	관악구	20~24	40,345	561	2	42	39,740	19,967	175	2	12	19,778	20,378	386	-	30	19,962
2015	관악구	25~29	55,997	4,516	7	71	51,403	29,395	1,438	-	28	27,929	26,602	3,078	7	43	23,474
2015	관악구	30~34	53,430	17,941	25	452	35,012	28,940	7,955	2	161	20,822	24,490	9,986	23	291	14,190
2015	관악구	35~39	41,984	22,067	90	1,142	18,685	22,866	10,953	31	394	11,488	19,118	11,114	59	748	7,197
2015	관악구	40~44	38,675	23,946	182	2,485	12,062	21,076	12,214	56	971	7,835	17,599	11,732	126	1,514	4,227
2015	관악구	45~49	34,060	23,285	659	3,684	6,432	17,348	11,407	143	1,493	4,305	16,712	11,878	516	2,191	2,127
2015	관악구	50~54	34,254	25,460	1,197	4,557	3,040	16,663	12,507	236	1,861	2,059	17,591	12,953	961	2,696	981
2015	관악구	55~59	34,984	26,405	2,267	4,547	1,765	16,301	13,106	308	1,929	958	18,683	13,299	1,959	2,618	807
2015	관악구	60~64	28,188	21,999	2,961	2,538	690	12,899	11,186	364	950	399	15,289	10,813	2,597	1,588	291
2015	관악구	65~69	23,625	17,472	4,164	1,654	335	10,987	9,510	502	818	157	12,638	7,962	3,662	836	178
2015	관악구	70~74	18,745	13,024	4,672	880	169	9,086	7,921	688	404	73	9,659	5,103	3,984	476	96
2015	관악구	75~79	11,247	6,690	4,143	328	86	5,223	4,491	575	150	7	6,024	2,199	3,568	178	79
2015	관악구	80~84	5,384	2,215	3,030	95	44	2,053	1,578	428	34	13	3,331	637	2,602	61	31
2015	관악구	85세 이상	3,375	697	2,555	80	43	831	488	311	24	8	2,544	209	2,244	56	35
2015	서초구	계	352,667	207,849	15,480	11,877	117,461	167,240	103,767	1,970	3,862	57,641	185,427	104,082	13,510	8,015	59,820
2015	서초구	 15~19	24,467	-	-	-	24,467	12,560	-	-	-	12,560	11,907	-	-	-	11,907
2015	서초구	20~24	25,928	166	1	-	25,761	12,511	31	1	-	12,479	13,417	135	-	-	13,282
2015	서초구	25~29	28,318	2,943	1	30	25,344	12,952	837	-	9	12,106	15,366	2,106	1	21	13,238
2015	서초구	30~34	35,134	15,836	14	169	19,115	16,389	6,425	-	50	9,914	18,745	9,411	14	119	9,201
2015	서초구	35~39	35,472	24,522	28	523	10,399	16,254	10,987	4	167	5,096	19,218	13,535	24	356	5,303
2015	서초구	40~44	38,623	30,371	180	1,599	6,473	18,465	14,589	54	700	3,122	20,158	15,782	126	899	3,351
2015	서초구	45~49	36,287	31,315	262	2,078	2,632	17,975	16,020	34	676	1,245	18,312	15,295	228	1,402	1,387
2015	서초구	50~54	30,526	26,665	520	2,108	1,233	14,834	13,663	67	577	527	15,692	13,002	453	1,531	706
2015	서초구	55~59	29,322	24,847	1,227	2,237	1,011	13,790	12,629	171	671	319	15,532	12,218	1,056	1,566	692
2015	서초구	60~64	22,661	18,991	1,601	1,556	513	10,478	9,746	146	444	142	12,183	9,245	1,455	1,112	371
2015	서초구	65~69	17,848	14,312	2,381	926	229	8,352	7,644	265	358	85	9,496	6,668	2,116	568	144
2015	서초구	70~74	12,572	9,660	2,362	411	139	6,342	5,828	347	144	23	6,230	3,832	2,015	267	116
2015	서초구	75~79	7,705	5,114	2,384	162	45	3,684	3,357	283	33	11	4,021	1,757	2,101	129	34
2015	서초구	80~84	4,385	2,154	2,135	40	56	1,701	1,415	274	4	8	2,684	739	1,861	36	48
2015	서초구	85세 이상	3,419	953	2,384	38	44	953	596	324	29	4	2,466	357	2,060	9	40
2015	강남구	계	464,687	254,475	21,630	17,325	171,257	219,310	126,313	2,713	6,176	84,108	245,377	128,162	18,917	11,149	87,149
2015	강남구	 15~19	35,914	47	17	2	35,848	18,805	14	7	1	18,783	17,109	33	10	1	17,065
2015	강남구	20~24	33,445	305	74	7	33,059	16,702	89	35	4	16,574	16,743	216	39	3	16,485
2015	강남구	25~29	39,713	3,470	5	70	36,168	17,911	923	3	25	16,960	21,802	2,547	2	45	19,208
2015	강남구	30~34	48,542	17,886	32	408	30,216	22,246	7,217	24	153	14,852	26,296	10,669	8	255	15,364
2015	강남구	35~39	43,988	25,851	80	929	17,128	20,526	11,906	22	345	8,253	23,462	13,945	58	584	8,875
2015	강남구	40~44	46,944	35,028	207	2,210	9,499	21,617	16,340	24	781	4,472	25,327	18,688	183	1,429	5,027
2015	강남구	45~49	49,511	41,455	476	3,153	4,427	23,677	20,461	70	1,009	2,137	25,834	20,994	406	2,144	2,290
2015	강남구	50~54	43,076	36,688	950	3,295	2,143	21,094	18,754	109	1,266	965	21,982	17,934	841	2,029	1,178
2015	강남구	55~59	38,021	31,784	1,765	3,030	1,442	17,789	15,946	262	934	647	20,232	15,838	1,503	2,096	795
2015	강남구	60~64	29,042	23,826	2,469	2,009	738	13,213	11,952	296	702	263	15,829	11,874	2,173	1,307	475
2015	강남구	65~69	22,272	17,656	3,074	1,238	304	10,489	9,524	357	500	108	11,783	8,132	2,717	738	196
2015	강남구	70~74	15,369	11,371	3,181	612	205	7,800	7,006	416	296	82	7,569	4,365	2,765	316	123
2015	강남구	75~79	9,392	5,839	3,288	221	44	4,449	3,897	452	94	6	4,943	1,942	2,836	127	38
2015	강남구	80~84	5,233	2,319	2,803	93	18	1,872	1,588	253	31	-	3,361	731	2,550	62	18
2015	강남구	85세 이상	4,225	950	3,209	48	18	1,120	696	383	35	6	3,105	254	2,826	13	12
2015	송파구	계	539,989	307,188	26,239	23,556	183,006	260,850	154,037	3,277	9,014	94,522	279,139	153,151	22,962	14,542	88,484
2015	송파구	 15~19	37,367	21	3	1	37,342	19,002	8	2	1	18,991	18,365	13	1	-	18,351
2015	송파구	20~24	40,903	381	4	15	40,503	20,890	53	3	7	20,827	20,013	328	1	8	19,676
2015	송파구	25~29	45,240	5,647	10	71	39,512	21,457	1,798	8	9	19,642	23,783	3,849	2	62	19,870
2015	송파구	30~34	54,921	24,843	-	371	29,707	26,573	10,421	-	145	16,007	28,348	14,422	-	226	13,700
2015	송파구	35~39	52,326	34,980	79	1,295	15,972	25,337	16,278	21	496	8,542	26,989	18,702	58	799	7,430
2015	송파구	40~44	54,426	41,912	295	2,891	9,328	26,238	20,149	55	960	5,074	28,188	21,763	240	1,931	4,254
2015	송파구	45~49	52,888	43,099	669	3,994	5,126	25,891	21,476	98	1,376	2,941	26,997	21,623	571	2,618	2,185
2015	송파구	50~54	50,310	41,775	1,282	4,832	2,421	24,295	20,849	251	1,942	1,253	26,015	20,926	1,031	2,890	1,168
2015	송파구	55~59	49,320	41,096	2,104	4,314	1,806	23,286	20,411	323	1,723	829	26,034	20,685	1,781	2,591	977
2015	송파구	60~64	37,006	30,514	3,062	2,750	680	17,839	16,219	348	1,060	212	19,167	14,295	2,714	1,690	468
2015	송파구	65~69	26,028	20,499	3,547	1,632	350	13,116	11,873	433	682	128	12,912	8,626	3,114	950	222
2015	송파구	70~74	17,489	12,408	4,115	858	108	8,683	7,793	438	403	49	8,806	4,615	3,677	455	59
2015	송파구	75~79	10,885	6,524	3,946	355	60	4,864	4,216	513	121	14	6,021	2,308	3,433	234	46
2015	송파구	80~84	6,315	2,546	3,603	122	44	2,216	1,694	466	54	2	4,099	852	3,137	68	42
2015	송파구	85세 이상	4,565	943	3,520	55	47	1,163	799	318	35	11	3,402	144	3,202	20	36
2015	강동구	계	382,072	210,162	22,602	21,000	128,308	188,359	105,793	3,135	8,415	71,016	193,713	104,369	19,467	12,585	57,292
2015	강동구	 15~19	25,407	5	1	-	25,401	13,567	-	-	-	13,567	11,840	5	1	-	11,834
2015	강동구	20~24	29,279	335	5	11	28,928	15,365	102	-	5	15,258	13,914	233	5	6	13,670
2015	강동구	25~29	30,615	3,113	3	103	27,396	15,277	956	3	15	14,303	15,338	2,157	-	88	13,093
2015	강동구	30~34	36,304	16,095	34	318	19,857	18,263	6,670	6	118	11,469	18,041	9,425	28	200	8,388
2015	강동구	35~39	34,992	22,821	108	916	11,147	17,784	10,762	21	312	6,689	17,208	12,059	87	604	4,458
2015	강동구	40~44	35,531	26,290	205	1,963	7,073	17,830	12,686	17	676	4,451	17,701	13,604	188	1,287	2,622
2015	강동구	45~49	36,376	28,255	620	3,690	3,811	17,781	13,834	118	1,370	2,459	18,595	14,421	502	2,320	1,352
2015	강동구	50~54	37,803	29,987	1,201	4,461	2,154	18,145	14,802	158	1,618	1,567	19,658	15,185	1,043	2,843	587
2015	강동구	55~59	38,274	30,318	2,204	4,358	1,394	18,290	15,311	374	1,809	796	19,984	15,007	1,830	2,549	598
2015	강동구	60~64	27,673	21,772	2,857	2,457	587	13,363	11,501	345	1,249	268	14,310	10,271	2,512	1,208	319
2015	강동구	65~69	19,697	15,001	3,021	1,473	202	9,926	8,681	496	648	101	9,771	6,320	2,525	825	101
2015	강동구	70~74	13,382	9,120	3,359	740	163	6,742	5,831	517	334	60	6,640	3,289	2,842	406	103
2015	강동구	75~79	8,294	4,568	3,338	302	86	3,638	3,007	460	155	16	4,656	1,561	2,878	147	70
2015	강동구	80~84	4,802	1,726	2,885	147	44	1,524	1,108	329	79	8	3,278	618	2,556	68	36
2015	강동구	85세 이상	3,643	756	2,761	61	65	864	542	291	27	4	2,779	214	2,470	34	61