기간	자치구	동	합계	합계	합계	장애정도별	장애정도별	장애정도별	장애정도별	장애정도별	장애정도별
기간	자치구	동	합계	합계	합계	심한 장애	심한 장애	심한 장애	심하지 않은 장애	심하지 않은 장애	심하지 않은 장애
기간	자치구	동	계	남자	여자	계	남자	여자	계	남자	여자
2019	합계	합계	394,843	228,821	166,022	149,906	89,940	59,966	244,937	138,881	106,056
2019	종로구	소계	6,068	3,515	2,553	2,255	1,360	895	3,813	2,155	1,658
2019	종로구	사직동	295	169	126	140	80	60	155	89	66
2019	종로구	삼청동	112	60	52	42	20	22	70	40	30
2019	종로구	부암동	316	179	137	125	71	54	191	108	83
2019	종로구	평창동	538	294	244	196	110	86	342	184	158
2019	종로구	무악동	337	184	153	128	79	49	209	105	104
2019	종로구	교남동	360	191	169	122	74	48	238	117	121
2019	종로구	가회동	179	94	85	74	34	40	105	60	45
2019	종로구	종로1.2.3.4가동	391	287	104	154	118	36	237	169	68
2019	종로구	종로5·6가동	270	177	93	88	60	28	182	117	65
2019	종로구	이화동	340	179	161	117	63	54	223	116	107
2019	종로구	창신1동	320	193	127	107	67	40	213	126	87
2019	종로구	창신2동	488	278	210	152	96	56	336	182	154
2019	종로구	창신3동	336	181	155	102	58	44	234	123	111
2019	종로구	숭인1동	286	151	135	88	48	40	198	103	95
2019	종로구	숭인2동	443	295	148	152	100	52	291	195	96
2019	종로구	청운효자동	480	259	221	235	134	101	245	125	120
2019	종로구	혜화동	576	343	233	232	147	85	344	196	148
2019	종로구	기타	1	1	-	1	1	-	-	-	-
2019	중구	소계	5,712	3,282	2,430	2,036	1,249	787	3,676	2,033	1,643
2019	중구	소공동	32	21	11	10	7	3	22	14	8
2019	중구	회현동	337	227	110	125	86	39	212	141	71
2019	중구	명동	128	67	61	48	28	20	80	39	41
2019	중구	필동	165	98	67	68	41	27	97	57	40
2019	중구	장충동	203	106	97	66	34	32	137	72	65
2019	중구	광희동	244	151	93	76	49	27	168	102	66
2019	중구	을지로동	86	62	24	23	13	10	63	49	14
2019	중구	신당5동	486	291	195	171	108	63	315	183	132
2019	중구	황학동	510	300	210	185	120	65	325	180	145
2019	중구	중림동	539	320	219	198	129	69	341	191	150
2019	중구	신당동	376	233	143	128	89	39	248	144	104
2019	중구	다산동	652	343	309	209	117	92	443	226	217
2019	중구	약수동	891	476	415	347	198	149	544	278	266
2019	중구	청구동	623	356	267	221	136	85	402	220	182
2019	중구	동화동	440	231	209	161	94	67	279	137	142
2019	용산구	소계	8,025	4,633	3,392	2,851	1,676	1,175	5,174	2,957	2,217
2019	용산구	후암동	779	435	344	318	172	146	461	263	198
2019	용산구	용산2가동	490	277	213	163	97	66	327	180	147
2019	용산구	남영동	572	447	125	221	165	56	351	282	69
2019	용산구	원효로2동	468	254	214	174	89	85	294	165	129
2019	용산구	효창동	345	182	163	105	64	41	240	118	122
2019	용산구	용문동	489	259	230	180	94	86	309	165	144
2019	용산구	이촌1동	530	308	222	205	116	89	325	192	133
2019	용산구	이촌2동	378	207	171	138	80	58	240	127	113
2019	용산구	이태원1동	236	131	105	89	56	33	147	75	72
2019	용산구	이태원2동	323	184	139	105	63	42	218	121	97
2019	용산구	서빙고동	393	217	176	153	88	65	240	129	111
2019	용산구	보광동	599	318	281	189	104	85	410	214	196
2019	용산구	청파동	822	489	333	295	181	114	527	308	219
2019	용산구	원효로1동	466	270	196	163	90	73	303	180	123
2019	용산구	한강로동	496	302	194	160	99	61	336	203	133
2019	용산구	한남동	639	353	286	193	118	75	446	235	211
2019	성동구	소계	11,686	6,772	4,914	4,100	2,508	1,592	7,586	4,264	3,322
2019	성동구	왕십리2동	663	365	298	219	136	83	444	229	215
2019	성동구	마장동	1,089	654	435	418	266	152	671	388	283
2019	성동구	사근동	387	206	181	127	75	52	260	131	129
2019	성동구	행당1동	633	364	269	216	134	82	417	230	187
2019	성동구	행당2동	918	504	414	338	189	149	580	315	265
2019	성동구	응봉동	539	299	240	180	110	70	359	189	170
2019	성동구	금호1가동	644	358	286	235	137	98	409	221	188
2019	성동구	금호4가동	530	300	230	175	108	67	355	192	163
2019	성동구	성수1가1동	607	373	234	237	162	75	370	211	159
2019	성동구	성수1가2동	541	303	238	166	92	74	375	211	164
2019	성동구	성수2가1동	839	521	318	273	160	113	566	361	205
2019	성동구	성수2가3동	422	256	166	149	92	57	273	164	109
2019	성동구	송정동	539	325	214	183	120	63	356	205	151
2019	성동구	용답동	673	440	233	252	177	75	421	263	158
2019	성동구	왕십리도선동	993	573	420	369	215	154	624	358	266
2019	성동구	금호2.3가동	946	529	417	297	180	117	649	349	300
2019	성동구	옥수동	723	402	321	266	155	111	457	247	210
2019	광진구	소계	12,563	7,319	5,244	4,492	2,696	1,796	8,071	4,623	3,448
2019	광진구	화양동	536	308	228	176	108	68	360	200	160
2019	광진구	군자동	793	460	333	280	161	119	513	299	214
2019	광진구	중곡1동	693	394	299	265	161	104	428	233	195
2019	광진구	중곡2동	898	520	378	307	185	122	591	335	256
2019	광진구	중곡3동	760	462	298	294	183	111	466	279	187
2019	광진구	중곡4동	1,343	778	565	482	286	196	861	492	369
2019	광진구	능동	381	225	156	135	84	51	246	141	105
2019	광진구	구의1동	838	494	344	296	170	126	542	324	218
2019	광진구	구의2동	1,149	689	460	406	254	152	743	435	308
2019	광진구	구의3동	809	441	368	282	164	118	527	277	250
2019	광진구	광장동	739	436	303	281	170	111	458	266	192
2019	광진구	자양1동	920	526	394	333	182	151	587	344	243
2019	광진구	자양2동	970	572	398	381	230	151	589	342	247
2019	광진구	자양3동	841	484	357	296	185	111	545	299	246
2019	광진구	자양4동	893	530	363	278	173	105	615	357	258
2019	동대문구	소계	15,871	9,219	6,652	5,408	3,311	2,097	10,463	5,908	4,555
2019	동대문구	회기동	325	179	146	107	59	48	218	120	98
2019	동대문구	휘경1동	672	383	289	227	141	86	445	242	203
2019	동대문구	휘경2동	886	501	385	284	176	108	602	325	277
2019	동대문구	청량리동	1,355	797	558	437	272	165	918	525	393
2019	동대문구	용신동	1,482	879	603	462	301	161	1,020	578	442
2019	동대문구	제기동	1,373	773	600	426	258	168	947	515	432
2019	동대문구	전농1동	1,540	906	634	535	329	206	1,005	577	428
2019	동대문구	전농2동	894	503	391	323	195	128	571	308	263
2019	동대문구	답십리1동	1,059	594	465	380	225	155	679	369	310
2019	동대문구	답십리2동	1,463	839	624	498	287	211	965	552	413
2019	동대문구	장안1동	1,689	1,023	666	616	377	239	1,073	646	427
2019	동대문구	장안2동	1,306	775	531	493	313	180	813	462	351
2019	동대문구	이문1동	812	489	323	268	170	98	544	319	225
2019	동대문구	이문2동	1,015	578	437	352	208	144	663	370	293
2019	중랑구	소계	20,361	11,788	8,573	7,541	4,535	3,006	12,820	7,253	5,567
2019	중랑구	면목2동	1,277	738	539	433	280	153	844	458	386
2019	중랑구	면목4동	1,268	752	516	571	355	216	697	397	300
2019	중랑구	면목5동	522	339	183	169	112	57	353	227	126
2019	중랑구	면목7동	1,043	604	439	360	216	144	683	388	295
2019	중랑구	상봉1동	1,400	809	591	647	382	265	753	427	326
2019	중랑구	상봉2동	854	479	375	267	161	106	587	318	269
2019	중랑구	중화1동	879	534	345	308	199	109	571	335	236
2019	중랑구	중화2동	1,593	933	660	536	328	208	1,057	605	452
2019	중랑구	묵1동	1,461	851	610	499	300	199	962	551	411
2019	중랑구	묵2동	905	524	381	309	180	129	596	344	252
2019	중랑구	망우3동	981	569	412	352	182	170	629	387	242
2019	중랑구	신내1동	1,949	1,054	895	779	445	334	1,170	609	561
2019	중랑구	신내2동	1,471	810	661	721	435	286	750	375	375
2019	중랑구	면목본동	1,738	994	744	560	334	226	1,178	660	518
2019	중랑구	면목3.8동	1,277	769	508	441	268	173	836	501	335
2019	중랑구	망우본동	1,743	1,029	714	589	358	231	1,154	671	483
2019	성북구	소계	17,687	10,070	7,617	6,153	3,669	2,484	11,534	6,401	5,133
2019	성북구	돈암1동	634	339	295	202	113	89	432	226	206
2019	성북구	돈암2동	729	421	308	251	142	109	478	279	199
2019	성북구	안암동	597	357	240	250	158	92	347	199	148
2019	성북구	보문동	593	327	266	199	121	78	394	206	188
2019	성북구	정릉1동	663	359	304	220	133	87	443	226	217
2019	성북구	정릉2동	982	565	417	343	210	133	639	355	284
2019	성북구	정릉3동	748	429	319	265	166	99	483	263	220
2019	성북구	정릉4동	1,047	601	446	367	223	144	680	378	302
2019	성북구	길음1동	1,048	577	471	389	228	161	659	349	310
2019	성북구	길음2동	577	324	253	184	103	81	393	221	172
2019	성북구	월곡1동	1,174	673	501	415	251	164	759	422	337
2019	성북구	월곡2동	931	536	395	302	169	133	629	367	262
2019	성북구	장위1동	1,086	597	489	378	213	165	708	384	324
2019	성북구	장위2동	714	403	311	240	140	100	474	263	211
2019	성북구	장위3동	720	438	282	265	161	104	455	277	178
2019	성북구	성북동	587	342	245	209	126	83	378	216	162
2019	성북구	삼선동	932	537	395	343	210	133	589	327	262
2019	성북구	동선동	558	323	235	192	124	68	366	199	167
2019	성북구	종암동	1,608	901	707	564	336	228	1,044	565	479
2019	성북구	석관동	1,759	1,021	738	575	342	233	1,184	679	505
2019	강북구	소계	17,517	9,940	7,577	6,576	3,860	2,716	10,941	6,080	4,861
2019	강북구	번1동	972	589	383	317	193	124	655	396	259
2019	강북구	번2동	1,360	739	621	573	320	253	787	419	368
2019	강북구	번3동	2,020	1,123	897	1,055	622	433	965	501	464
2019	강북구	수유1동	1,293	772	521	514	321	193	779	451	328
2019	강북구	수유2동	1,116	614	502	421	243	178	695	371	324
2019	강북구	수유3동	1,094	624	470	375	235	140	719	389	330
2019	강북구	삼양동	1,418	823	595	468	285	183	950	538	412
2019	강북구	미아동	1,166	673	493	393	236	157	773	437	336
2019	강북구	송중동	1,432	836	596	465	278	187	967	558	409
2019	강북구	송천동	1,534	867	667	481	275	206	1,053	592	461
2019	강북구	삼각산동	1,288	702	586	509	278	231	779	424	355
2019	강북구	우이동	1,003	559	444	342	190	152	661	369	292
2019	강북구	인수동	1,821	1,019	802	663	384	279	1,158	635	523
2019	도봉구	소계	15,450	8,971	6,479	5,635	3,339	2,296	9,815	5,632	4,183
2019	도봉구	쌍문1동	1,117	640	477	386	228	158	731	412	319
2019	도봉구	쌍문2동	924	547	377	340	208	132	584	339	245
2019	도봉구	쌍문3동	803	441	362	262	146	116	541	295	246
2019	도봉구	쌍문4동	684	372	312	249	149	100	435	223	212
2019	도봉구	방학1동	1,505	918	587	537	321	216	968	597	371
2019	도봉구	방학2동	1,248	741	507	483	283	200	765	458	307
2019	도봉구	방학3동	1,042	602	440	386	219	167	656	383	273
2019	도봉구	창1동	1,054	596	458	376	227	149	678	369	309
2019	도봉구	창2동	1,317	752	565	444	265	179	873	487	386
2019	도봉구	창3동	783	479	304	291	179	112	492	300	192
2019	도봉구	창4동	1,000	543	457	403	218	185	597	325	272
2019	도봉구	창5동	1,012	597	415	367	230	137	645	367	278
2019	도봉구	도봉1동	1,481	875	606	591	347	244	890	528	362
2019	도봉구	도봉2동	1,480	868	612	520	319	201	960	549	411
2019	노원구	소계	27,342	15,025	12,317	12,072	7,008	5,064	15,270	8,017	7,253
2019	노원구	월계1동	1,060	619	441	366	233	133	694	386	308
2019	노원구	월계2동	2,314	1,286	1,028	1,170	690	480	1,144	596	548
2019	노원구	월계3동	1,955	1,051	904	903	528	375	1,052	523	529
2019	노원구	공릉2동	1,357	765	592	480	283	197	877	482	395
2019	노원구	하계1동	2,129	1,124	1,005	1,187	662	525	942	462	480
2019	노원구	하계2동	992	522	470	459	253	206	533	269	264
2019	노원구	중계본동	850	468	382	357	203	154	493	265	228
2019	노원구	중계1동	760	420	340	296	174	122	464	246	218
2019	노원구	중계4동	1,526	834	692	721	426	295	805	408	397
2019	노원구	상계1동	1,901	1,059	842	754	437	317	1,147	622	525
2019	노원구	상계2동	881	514	367	366	224	142	515	290	225
2019	노원구	상계5동	1,302	730	572	468	286	182	834	444	390
2019	노원구	상계8동	723	388	335	265	146	119	458	242	216
2019	노원구	상계9동	771	432	339	297	180	117	474	252	222
2019	노원구	상계10동	505	281	224	205	124	81	300	157	143
2019	노원구	상계3.4동	1,600	879	721	583	328	255	1,017	551	466
2019	노원구	상계6.7동	1,275	691	584	493	276	217	782	415	367
2019	노원구	중계2.3동	3,215	1,716	1,499	1,748	995	753	1,467	721	746
2019	노원구	공릉1동	2,226	1,246	980	954	560	394	1,272	686	586
2019	은평구	소계	21,617	12,652	8,965	8,366	5,233	3,133	13,251	7,419	5,832
2019	은평구	녹번동	1,645	952	693	561	350	211	1,084	602	482
2019	은평구	불광1동	1,705	948	757	599	336	263	1,106	612	494
2019	은평구	갈현1동	1,101	637	464	408	238	170	693	399	294
2019	은평구	갈현2동	1,229	727	502	467	275	192	762	452	310
2019	은평구	구산동	2,294	1,628	666	1,315	1,033	282	979	595	384
2019	은평구	대조동	1,234	710	524	446	276	170	788	434	354
2019	은평구	응암1동	1,146	627	519	405	222	183	741	405	336
2019	은평구	응암2동	896	513	383	331	204	127	565	309	256
2019	은평구	신사1동	1,227	712	515	445	277	168	782	435	347
2019	은평구	신사2동	1,002	589	413	370	231	139	632	358	274
2019	은평구	증산동	719	410	309	258	156	102	461	254	207
2019	은평구	수색동	484	262	222	179	102	77	305	160	145
2019	은평구	진관동	1,957	1,103	854	783	467	316	1,174	636	538
2019	은평구	불광2동	1,482	859	623	523	315	208	959	544	415
2019	은평구	응암3동	1,327	776	551	463	291	172	864	485	379
2019	은평구	역촌동	2,169	1,199	970	813	460	353	1,356	739	617
2019	서대문구	소계	12,612	7,006	5,606	4,523	2,644	1,879	8,089	4,362	3,727
2019	서대문구	천연동	791	427	364	309	179	130	482	248	234
2019	서대문구	홍제1동	935	511	424	320	188	132	615	323	292
2019	서대문구	홍제3동	834	461	373	280	169	111	554	292	262
2019	서대문구	홍제2동	623	333	290	202	117	85	421	216	205
2019	서대문구	홍은1동	1,066	564	502	348	203	145	718	361	357
2019	서대문구	홍은2동	1,267	721	546	512	318	194	755	403	352
2019	서대문구	남가좌1동	521	273	248	177	93	84	344	180	164
2019	서대문구	남가좌2동	1,081	584	497	412	224	188	669	360	309
2019	서대문구	북가좌1동	710	402	308	256	155	101	454	247	207
2019	서대문구	북가좌2동	1,584	897	687	566	337	229	1,018	560	458
2019	서대문구	충현동	704	419	285	234	141	93	470	278	192
2019	서대문구	북아현동	612	354	258	213	124	89	399	230	169
2019	서대문구	신촌동	486	268	218	186	106	80	300	162	138
2019	서대문구	연희동	1,398	792	606	508	290	218	890	502	388
2019	마포구	소계	13,119	7,408	5,711	4,993	2,903	2,090	8,126	4,505	3,621
2019	마포구	용강동	600	342	258	207	114	93	393	228	165
2019	마포구	대흥동	435	248	187	152	90	62	283	158	125
2019	마포구	염리동	432	238	194	162	99	63	270	139	131
2019	마포구	신수동	720	402	318	246	144	102	474	258	216
2019	마포구	서교동	671	407	264	220	135	85	451	272	179
2019	마포구	합정동	595	342	253	198	117	81	397	225	172
2019	마포구	망원1동	853	499	354	301	180	121	552	319	233
2019	마포구	망원2동	748	441	307	271	161	110	477	280	197
2019	마포구	연남동	540	289	251	189	105	84	351	184	167
2019	마포구	성산1동	706	405	301	243	139	104	463	266	197
2019	마포구	성산2동	2,041	1,106	935	965	550	415	1,076	556	520
2019	마포구	상암동	1,157	655	502	513	308	205	644	347	297
2019	마포구	도화동	762	411	351	318	188	130	444	223	221
2019	마포구	서강동	688	375	313	257	135	122	431	240	191
2019	마포구	공덕동	1,513	863	650	514	302	212	999	561	438
2019	마포구	아현동	658	385	273	237	136	101	421	249	172
2019	양천구	소계	17,456	10,144	7,312	6,364	3,781	2,583	11,092	6,363	4,729
2019	양천구	목1동	678	371	307	253	130	123	425	241	184
2019	양천구	목2동	1,058	640	418	360	228	132	698	412	286
2019	양천구	목3동	891	524	367	338	204	134	553	320	233
2019	양천구	목4동	882	525	357	315	199	116	567	326	241
2019	양천구	신월1동	1,247	755	492	451	277	174	796	478	318
2019	양천구	신월2동	1,013	605	408	354	215	139	659	390	269
2019	양천구	신월3동	967	588	379	358	219	139	609	369	240
2019	양천구	신월4동	890	519	371	296	172	124	594	347	247
2019	양천구	신월5동	732	412	320	282	166	116	450	246	204
2019	양천구	신월6동	251	175	76	78	57	21	173	118	55
2019	양천구	신월7동	1,171	655	516	385	232	153	786	423	363
2019	양천구	신정1동	567	333	234	189	115	74	378	218	160
2019	양천구	신정2동	737	428	309	307	183	124	430	245	185
2019	양천구	신정3동	2,119	1,196	923	873	500	373	1,246	696	550
2019	양천구	신정6동	464	264	200	170	95	75	294	169	125
2019	양천구	신정7동	1,413	739	674	526	293	233	887	446	441
2019	양천구	목5동	731	409	322	252	149	103	479	260	219
2019	양천구	신정4동	1,645	1,006	639	577	347	230	1,068	659	409
2019	강서구	소계	28,854	16,674	12,180	12,333	7,313	5,020	16,521	9,361	7,160
2019	강서구	염창동	1,114	688	426	389	238	151	725	450	275
2019	강서구	등촌1동	736	415	321	253	137	116	483	278	205
2019	강서구	등촌2동	732	434	298	239	143	96	493	291	202
2019	강서구	등촌3동	3,861	2,134	1,727	2,136	1,259	877	1,725	875	850
2019	강서구	화곡본동	1,420	814	606	546	314	232	874	500	374
2019	강서구	화곡2동	795	479	316	275	165	110	520	314	206
2019	강서구	화곡3동	848	472	376	291	182	109	557	290	267
2019	강서구	화곡4동	959	579	380	347	216	131	612	363	249
2019	강서구	화곡6동	960	551	409	384	233	151	576	318	258
2019	강서구	화곡8동	1,073	604	469	365	202	163	708	402	306
2019	강서구	가양1동	821	505	316	318	193	125	503	312	191
2019	강서구	가양2동	2,451	1,436	1,015	1,491	887	604	960	549	411
2019	강서구	가양3동	1,691	885	806	805	442	363	886	443	443
2019	강서구	발산1동	1,491	867	624	599	355	244	892	512	380
2019	강서구	공항동	1,095	653	442	402	244	158	693	409	284
2019	강서구	방화1동	1,767	1,070	697	650	403	247	1,117	667	450
2019	강서구	방화2동	1,628	970	658	715	455	260	913	515	398
2019	강서구	방화3동	2,042	1,148	894	999	587	412	1,043	561	482
2019	강서구	화곡1동	2,125	1,258	867	699	415	284	1,426	843	583
2019	강서구	우장산동	1,245	712	533	430	243	187	815	469	346
2019	구로구	소계	18,141	10,888	7,253	6,519	3,951	2,568	11,622	6,937	4,685
2019	구로구	신도림동	945	570	375	331	209	122	614	361	253
2019	구로구	구로1동	519	324	195	173	119	54	346	205	141
2019	구로구	구로3동	910	530	380	290	176	114	620	354	266
2019	구로구	구로4동	1,184	675	509	421	251	170	763	424	339
2019	구로구	구로5동	1,101	656	445	389	215	174	712	441	271
2019	구로구	고척1동	1,148	700	448	380	238	142	768	462	306
2019	구로구	고척2동	1,328	792	536	488	274	214	840	518	322
2019	구로구	개봉2동	1,438	881	557	478	304	174	960	577	383
2019	구로구	개봉3동	1,060	641	419	366	211	155	694	430	264
2019	구로구	오류1동	1,089	654	435	375	223	152	714	431	283
2019	구로구	오류2동	2,476	1,472	1,004	1,038	635	403	1,438	837	601
2019	구로구	수궁동	1,268	763	505	492	295	197	776	468	308
2019	구로구	가리봉동	547	336	211	195	117	78	352	219	133
2019	구로구	구로2동	1,458	878	580	496	306	190	962	572	390
2019	구로구	개봉1동	1,670	1,016	654	607	378	229	1,063	638	425
2019	금천구	소계	11,373	6,867	4,506	4,117	2,504	1,613	7,256	4,363	2,893
2019	금천구	가산동	743	482	261	271	183	88	472	299	173
2019	금천구	독산1동	1,980	1,189	791	870	514	356	1,110	675	435
2019	금천구	독산2동	984	601	383	339	200	139	645	401	244
2019	금천구	독산3동	1,219	755	464	407	243	164	812	512	300
2019	금천구	독산4동	818	513	305	299	182	117	519	331	188
2019	금천구	시흥1동	1,659	995	664	571	357	214	1,088	638	450
2019	금천구	시흥2동	1,120	655	465	404	257	147	716	398	318
2019	금천구	시흥3동	556	332	224	196	105	91	360	227	133
2019	금천구	시흥4동	1,097	660	437	359	223	136	738	437	301
2019	금천구	시흥5동	1,197	685	512	401	240	161	796	445	351
2019	영등포구	소계	14,411	8,599	5,812	4,951	3,060	1,891	9,460	5,539	3,921
2019	영등포구	여의도동	755	442	313	290	176	114	465	266	199
2019	영등포구	당산1동	805	468	337	260	156	104	545	312	233
2019	영등포구	당산2동	924	529	395	299	172	127	625	357	268
2019	영등포구	양평1동	715	418	297	238	138	100	477	280	197
2019	영등포구	양평2동	615	375	240	203	129	74	412	246	166
2019	영등포구	신길1동	826	477	349	261	156	105	565	321	244
2019	영등포구	신길3동	861	516	345	309	200	109	552	316	236
2019	영등포구	신길4동	532	297	235	177	103	74	355	194	161
2019	영등포구	신길5동	527	307	220	172	113	59	355	194	161
2019	영등포구	신길6동	759	420	339	299	172	127	460	248	212
2019	영등포구	신길7동	477	271	206	164	100	64	313	171	142
2019	영등포구	대림1동	751	453	298	268	176	92	483	277	206
2019	영등포구	대림2동	711	430	281	227	137	90	484	293	191
2019	영등포구	대림3동	1,156	704	452	373	232	141	783	472	311
2019	영등포구	영등포본동	1,074	659	415	370	224	146	704	435	269
2019	영등포구	영등포동	1,067	722	345	401	278	123	666	444	222
2019	영등포구	도림동	921	543	378	341	216	125	580	327	253
2019	영등포구	문래동	934	568	366	298	182	116	636	386	250
2019	영등포구	기타	1	-	1	1	-	1	-	-	-
2019	동작구	소계	14,735	8,432	6,303	5,407	3,199	2,208	9,328	5,233	4,095
2019	동작구	노량진2동	663	377	286	220	135	85	443	242	201
2019	동작구	상도1동	1,524	871	653	570	332	238	954	539	415
2019	동작구	상도2동	973	543	430	381	214	167	592	329	263
2019	동작구	상도3동	1,155	656	499	406	234	172	749	422	327
2019	동작구	상도4동	1,309	773	536	511	312	199	798	461	337
2019	동작구	사당1동	796	484	312	272	173	99	524	311	213
2019	동작구	사당3동	800	468	332	285	178	107	515	290	225
2019	동작구	사당4동	563	329	234	190	120	70	373	209	164
2019	동작구	사당5동	484	267	217	192	103	89	292	164	128
2019	동작구	대방동	1,598	892	706	668	393	275	930	499	431
2019	동작구	신대방1동	815	469	346	291	165	126	524	304	220
2019	동작구	신대방2동	711	431	280	267	165	102	444	266	178
2019	동작구	흑석동	1,149	636	513	395	240	155	754	396	358
2019	동작구	노량진1동	1,266	728	538	454	257	197	812	471	341
2019	동작구	사당2동	929	508	421	305	178	127	624	330	294
2019	관악구	소계	20,299	11,967	8,332	7,454	4,516	2,938	12,845	7,451	5,394
2019	관악구	보라매동	1,144	641	503	455	258	197	689	383	306
2019	관악구	청림동	659	384	275	242	165	77	417	219	198
2019	관악구	행운동	1,111	664	447	431	269	162	680	395	285
2019	관악구	낙성대동	465	253	212	196	105	91	269	148	121
2019	관악구	중앙동	597	351	246	200	121	79	397	230	167
2019	관악구	인헌동	913	510	403	334	182	152	579	328	251
2019	관악구	남현동	570	336	234	215	130	85	355	206	149
2019	관악구	서원동	826	513	313	286	194	92	540	319	221
2019	관악구	신원동	830	477	353	303	189	114	527	288	239
2019	관악구	서림동	853	519	334	297	189	108	556	330	226
2019	관악구	신사동	923	563	360	322	198	124	601	365	236
2019	관악구	신림동	560	336	224	196	116	80	364	220	144
2019	관악구	난향동	723	427	296	265	158	107	458	269	189
2019	관악구	조원동	728	463	265	264	170	94	464	293	171
2019	관악구	대학동	720	455	265	261	163	98	459	292	167
2019	관악구	은천동	1,688	985	703	644	383	261	1,044	602	442
2019	관악구	성현동	1,442	826	616	559	333	226	883	493	390
2019	관악구	청룡동	1,011	621	390	341	222	119	670	399	271
2019	관악구	난곡동	1,584	921	663	570	325	245	1,014	596	418
2019	관악구	삼성동	1,558	884	674	588	353	235	970	531	439
2019	관악구	미성동	1,394	838	556	485	293	192	909	545	364
2019	서초구	소계	10,556	6,190	4,366	4,176	2,478	1,698	6,380	3,712	2,668
2019	서초구	서초1동	489	280	209	192	109	83	297	171	126
2019	서초구	서초2동	297	171	126	113	66	47	184	105	79
2019	서초구	서초3동	700	423	277	260	154	106	440	269	171
2019	서초구	서초4동	463	282	181	168	107	61	295	175	120
2019	서초구	잠원동	621	372	249	243	148	95	378	224	154
2019	서초구	반포본동	192	123	69	71	48	23	121	75	46
2019	서초구	반포1동	564	315	249	181	96	85	383	219	164
2019	서초구	반포2동	258	135	123	90	50	40	168	85	83
2019	서초구	반포3동	315	174	141	127	72	55	188	102	86
2019	서초구	반포4동	358	204	154	140	81	59	218	123	95
2019	서초구	방배본동	464	281	183	187	116	71	277	165	112
2019	서초구	방배1동	476	277	199	157	91	66	319	186	133
2019	서초구	방배2동	720	419	301	260	147	113	460	272	188
2019	서초구	방배3동	583	343	240	205	122	83	378	221	157
2019	서초구	방배4동	588	360	228	212	130	82	376	230	146
2019	서초구	양재1동	1,965	1,098	867	923	521	402	1,042	577	465
2019	서초구	양재2동	650	416	234	247	160	87	403	256	147
2019	서초구	내곡동	853	517	336	400	260	140	453	257	196
2019	강남구	소계	15,439	8,883	6,556	7,063	4,173	2,890	8,376	4,710	3,666
2019	강남구	신사동	413	238	175	158	91	67	255	147	108
2019	강남구	논현1동	587	365	222	204	129	75	383	236	147
2019	강남구	논현2동	505	298	207	196	115	81	309	183	126
2019	강남구	삼성1동	304	197	107	122	76	46	182	121	61
2019	강남구	삼성2동	565	361	204	215	131	84	350	230	120
2019	강남구	대치1동	285	175	110	122	76	46	163	99	64
2019	강남구	대치4동	384	221	163	145	81	64	239	140	99
2019	강남구	역삼1동	799	479	320	281	171	110	518	308	210
2019	강남구	역삼2동	637	380	257	227	137	90	410	243	167
2019	강남구	도곡1동	425	249	176	166	98	68	259	151	108
2019	강남구	도곡2동	497	303	194	175	115	60	322	188	134
2019	강남구	개포1동	228	140	88	83	52	31	145	88	57
2019	강남구	개포4동	542	308	234	220	118	102	322	190	132
2019	강남구	일원본동	718	336	382	429	172	257	289	164	125
2019	강남구	일원1동	1,084	597	487	588	353	235	496	244	252
2019	강남구	일원2동	1,181	607	574	649	381	268	532	226	306
2019	강남구	수서동	2,173	1,213	960	1,332	800	532	841	413	428
2019	강남구	세곡동	2,006	1,169	837	947	577	370	1,059	592	467
2019	강남구	압구정동	489	286	203	180	119	61	309	167	142
2019	강남구	청담동	563	330	233	210	122	88	353	208	145
2019	강남구	대치2동	621	381	240	256	170	86	365	211	154
2019	강남구	개포2동	432	249	183	157	88	69	275	161	114
2019	강남구	기타	1	1	-	1	1	-	-	-	-
2019	송파구	소계	20,280	12,006	8,274	7,809	4,818	2,991	12,471	7,188	5,283
2019	송파구	풍납1동	692	395	297	258	150	108	434	245	189
2019	송파구	풍납2동	826	494	332	312	195	117	514	299	215
2019	송파구	거여1동	626	376	250	234	153	81	392	223	169
2019	송파구	거여2동	926	542	384	455	284	171	471	258	213
2019	송파구	마천1동	1,258	734	524	463	287	176	795	447	348
2019	송파구	마천2동	1,210	698	512	431	255	176	779	443	336
2019	송파구	방이1동	440	262	178	158	88	70	282	174	108
2019	송파구	방이2동	785	474	311	293	187	106	492	287	205
2019	송파구	오륜동	296	167	129	120	78	42	176	89	87
2019	송파구	오금동	1,439	822	617	582	354	228	857	468	389
2019	송파구	송파1동	691	436	255	254	168	86	437	268	169
2019	송파구	송파2동	509	295	214	183	118	65	326	177	149
2019	송파구	석촌동	1,039	616	423	392	231	161	647	385	262
2019	송파구	삼전동	938	558	380	331	200	131	607	358	249
2019	송파구	가락본동	745	464	281	265	166	99	480	298	182
2019	송파구	가락1동	512	312	200	197	120	77	315	192	123
2019	송파구	가락2동	925	552	373	347	225	122	578	327	251
2019	송파구	문정1동	601	349	252	271	166	105	330	183	147
2019	송파구	문정2동	518	321	197	175	112	63	343	209	134
2019	송파구	장지동	1,426	838	588	654	403	251	772	435	337
2019	송파구	위례동	749	428	321	313	178	135	436	250	186
2019	송파구	잠실본동	826	490	336	286	173	113	540	317	223
2019	송파구	잠실4동	433	270	163	180	117	63	253	153	100
2019	송파구	잠실6동	372	227	145	130	91	39	242	136	106
2019	송파구	잠실7동	210	134	76	73	48	25	137	86	51
2019	송파구	잠실2동	582	340	242	209	131	78	373	209	164
2019	송파구	잠실3동	706	412	294	243	140	103	463	272	191
2019	강동구	소계	17,669	10,571	7,098	6,712	4,156	2,556	10,957	6,415	4,542
2019	강동구	강일동	1,518	868	650	615	359	256	903	509	394
2019	강동구	상일동	487	286	201	220	135	85	267	151	116
2019	강동구	명일1동	861	499	362	326	194	132	535	305	230
2019	강동구	명일2동	454	268	186	179	104	75	275	164	111
2019	강동구	고덕1동	749	454	295	313	201	112	436	253	183
2019	강동구	고덕2동	766	451	315	364	232	132	402	219	183
2019	강동구	암사2동	488	273	215	190	96	94	298	177	121
2019	강동구	암사3동	552	310	242	216	127	89	336	183	153
2019	강동구	천호1동	1,429	864	565	535	337	198	894	527	367
2019	강동구	천호3동	1,337	800	537	491	296	195	846	504	342
2019	강동구	성내1동	663	408	255	240	161	79	423	247	176
2019	강동구	성내2동	1,062	669	393	362	227	135	700	442	258
2019	강동구	성내3동	885	551	334	315	209	106	570	342	228
2019	강동구	둔촌1동	3	2	1	1	-	1	2	2	-
2019	강동구	둔촌2동	960	568	392	351	217	134	609	351	258
2019	강동구	암사1동	1,688	1,015	673	642	408	234	1,046	607	439
2019	강동구	천호2동	1,765	1,059	706	629	389	240	1,136	670	466
2019	강동구	길동	2,002	1,226	776	723	464	259	1,279	762	517