기간	자치구	행정동	전체세대수	1인세대	2인세대	3인세대	4인세대	5인세대	6인세대	7인세대	8인세대	9인세대	10인세대 이상
2017.12	합계	합계	4,220,082	1,608,998	867,814	776,452	735,420	176,927	40,051	10,106	2,772	897	645
2017.12	종로구	소계	73,594	35,539	13,600	10,925	9,844	2,717	668	209	58	21	13
2017.12	종로구	사직동	4,414	2,061	862	672	596	157	33	22	7	-	4
2017.12	종로구	삼청동	1,414	721	247	203	163	58	14	7	1	-	-
2017.12	종로구	부암동	4,325	1,623	908	747	745	209	57	26	5	3	2
2017.12	종로구	평창동	7,510	2,393	1,601	1,460	1,484	424	106	24	9	7	2
2017.12	종로구	무악동	3,024	708	639	684	755	189	36	9	2	1	1
2017.12	종로구	교남동	4,379	1,577	1,012	822	754	165	31	13	5	-	-
2017.12	종로구	가회동	2,085	927	443	317	277	83	27	7	3	1	-
2017.12	종로구	종로1.2.3.4가동	5,378	4,217	545	301	236	52	16	8	3	-	-
2017.12	종로구	종로5·6가동	3,174	2,064	474	314	237	67	11	3	3	1	-
2017.12	종로구	이화동	4,462	2,583	759	540	428	112	28	10	-	2	-
2017.12	종로구	창신1동	3,050	1,778	553	363	257	79	16	4	-	-	-
2017.12	종로구	창신2동	4,280	1,959	846	669	578	173	43	9	2	1	-
2017.12	종로구	창신3동	2,860	816	651	641	517	187	34	10	4	-	-
2017.12	종로구	숭인1동	3,014	1,306	647	502	389	129	31	8	1	1	-
2017.12	종로구	숭인2동	5,620	3,559	896	568	455	104	27	5	3	3	-
2017.12	종로구	청운효자동	5,452	1,945	1,103	1,025	1,001	263	85	24	5	1	-
2017.12	종로구	혜화동	9,153	5,302	1,414	1,097	972	266	73	20	5	-	4
2017.12	중구	소계	60,412	28,845	12,224	9,206	7,517	1,936	501	120	34	12	17
2017.12	중구	소공동	1,048	576	192	152	97	21	7	1	-	-	2
2017.12	중구	회현동	3,281	2,240	451	283	231	54	14	5	2	-	1
2017.12	중구	명동	1,435	930	218	137	104	31	8	2	2	-	3
2017.12	중구	필동	2,249	1,362	378	244	184	59	13	6	2	-	1
2017.12	중구	장충동	2,628	1,580	441	272	225	80	22	4	1	-	3
2017.12	중구	광희동	2,920	1,845	485	281	233	51	20	4	1	-	-
2017.12	중구	을지로동	1,170	923	120	72	37	14	2	2	-	-	-
2017.12	중구	신당5동	4,467	2,036	906	718	608	152	35	7	3	2	-
2017.12	중구	황학동	6,205	3,180	1,261	883	655	171	46	5	3	1	-
2017.12	중구	중림동	5,297	2,364	1,111	884	727	155	39	13	3	1	-
2017.12	중구	신당동	4,368	2,569	766	537	363	94	31	7	-	1	-
2017.12	중구	다산동	6,863	2,913	1,594	1,106	935	231	58	18	3	2	3
2017.12	중구	약수동	7,819	2,711	1,979	1,545	1,185	298	79	13	5	1	3
2017.12	중구	청구동	6,449	2,439	1,470	1,197	987	279	58	10	6	2	1
2017.12	중구	동화동	4,213	1,177	852	895	946	246	69	23	3	2	-
2017.12	용산구	소계	107,666	49,518	21,720	16,934	14,452	3,753	923	234	79	27	26
2017.12	용산구	후암동	8,502	3,881	1,682	1,363	1,167	312	72	13	5	3	4
2017.12	용산구	용산2가동	5,531	2,736	1,188	813	594	157	33	9	1	-	-
2017.12	용산구	남영동	5,460	4,145	628	338	242	75	22	6	2	1	1
2017.12	용산구	원효로2동	6,022	1,960	1,282	1,192	1,165	310	70	21	17	2	3
2017.12	용산구	효창동	3,892	1,355	857	704	701	199	56	16	1	1	2
2017.12	용산구	용문동	5,251	1,783	1,198	1,040	923	231	55	14	4	1	2
2017.12	용산구	이촌1동	10,015	2,167	2,154	2,512	2,435	555	136	35	14	4	3
2017.12	용산구	이촌2동	3,846	1,261	997	779	589	159	43	11	6	-	1
2017.12	용산구	이태원1동	3,904	2,263	699	475	318	114	27	7	1	-	-
2017.12	용산구	이태원2동	4,920	2,593	1,013	648	495	120	40	6	3	1	1
2017.12	용산구	서빙고동	5,301	1,686	1,063	972	1,161	321	73	22	2	-	1
2017.12	용산구	보광동	7,846	3,980	1,679	1,085	823	213	50	13	3	-	-
2017.12	용산구	청파동	10,549	5,839	1,931	1,286	1,101	283	81	17	9	-	2
2017.12	용산구	원효로1동	6,885	3,054	1,476	1,176	896	221	42	10	5	5	-
2017.12	용산구	한강로동	8,861	4,974	1,601	1,168	841	207	50	14	2	2	2
2017.12	용산구	한남동	10,881	5,841	2,272	1,383	1,001	276	73	20	4	7	4
2017.12	성동구	소계	132,902	51,798	27,999	24,603	21,768	5,002	1,260	331	93	28	20
2017.12	성동구	왕십리2동	7,598	2,876	1,573	1,459	1,282	282	98	16	5	2	5
2017.12	성동구	마장동	10,249	4,110	2,107	1,794	1,663	418	115	24	11	5	2
2017.12	성동구	사근동	6,578	4,314	914	615	543	142	32	13	3	2	-
2017.12	성동구	행당1동	6,251	2,604	1,274	1,111	942	235	60	18	5	1	1
2017.12	성동구	행당2동	9,439	2,247	2,148	2,243	2,192	443	110	42	10	2	2
2017.12	성동구	응봉동	6,245	1,622	1,345	1,391	1,437	347	73	17	9	2	2
2017.12	성동구	금호1가동	5,318	1,670	1,235	1,098	1,004	231	61	16	2	1	-
2017.12	성동구	금호4가동	6,040	2,031	1,406	1,329	980	225	54	10	4	-	1
2017.12	성동구	성수1가1동	7,564	2,959	1,585	1,322	1,342	278	57	17	2	1	1
2017.12	성동구	성수1가2동	7,410	3,262	1,517	1,254	1,054	248	59	9	5	-	2
2017.12	성동구	성수2가1동	8,638	4,032	1,713	1,388	1,169	250	65	17	4	-	-
2017.12	성동구	성수2가3동	5,590	2,714	1,056	804	752	189	58	12	4	1	-
2017.12	성동구	송정동	5,491	2,587	1,124	805	726	187	45	12	1	4	-
2017.12	성동구	용답동	8,101	4,368	1,484	1,073	904	198	61	11	1	-	1
2017.12	성동구	왕십리도선동	11,302	3,946	2,408	2,259	2,075	470	106	32	4	1	1
2017.12	성동구	금호2.3가동	10,215	3,391	2,397	2,147	1,717	421	94	32	12	3	1
2017.12	성동구	옥수동	10,873	3,065	2,713	2,511	1,986	438	112	33	11	3	1
2017.12	광진구	소계	160,798	68,171	31,806	27,507	25,725	5,745	1,359	340	97	28	20
2017.12	광진구	화양동	15,031	11,378	1,893	870	700	138	39	11	2	-	-
2017.12	광진구	군자동	10,279	5,341	2,000	1,410	1,165	270	64	16	6	4	3
2017.12	광진구	중곡1동	7,661	3,445	1,764	1,263	918	210	38	15	6	2	-
2017.12	광진구	중곡2동	10,111	4,092	2,227	1,814	1,552	320	84	16	3	2	1
2017.12	광진구	중곡3동	8,326	3,616	1,858	1,417	1,098	269	55	9	2	1	1
2017.12	광진구	중곡4동	13,115	4,548	2,948	2,592	2,297	546	142	32	6	1	3
2017.12	광진구	능동	6,031	3,207	1,254	786	554	148	71	10	1	-	-
2017.12	광진구	구의1동	11,394	5,734	2,277	1,695	1,276	310	79	18	3	2	-
2017.12	광진구	구의2동	10,602	3,663	2,294	2,126	1,907	458	97	39	12	3	3
2017.12	광진구	구의3동	12,016	3,826	2,391	2,558	2,535	552	110	28	10	4	2
2017.12	광진구	광장동	11,930	2,078	1,738	2,921	4,201	753	183	33	19	3	1
2017.12	광진구	자양1동	11,196	5,277	2,295	1,674	1,500	345	79	19	3	1	3
2017.12	광진구	자양2동	11,215	3,743	2,415	2,317	2,081	494	118	35	7	3	2
2017.12	광진구	자양3동	11,023	2,654	2,245	2,538	2,763	628	136	42	14	2	1
2017.12	광진구	자양4동	10,868	5,569	2,207	1,526	1,178	304	64	17	3	-	-
2017.12	동대문구	소계	159,938	70,090	31,663	26,511	23,485	6,127	1,546	363	103	32	18
2017.12	동대문구	회기동	5,714	3,507	843	624	553	144	34	3	5	1	-
2017.12	동대문구	휘경1동	6,852	3,799	1,210	851	728	190	55	12	5	2	-
2017.12	동대문구	휘경2동	10,986	4,724	1,986	1,861	1,812	451	114	25	9	2	2
2017.12	동대문구	청량리동	10,518	4,723	2,303	1,656	1,325	389	95	19	5	2	1
2017.12	동대문구	용신동	16,488	9,066	3,048	2,090	1,675	458	101	41	6	2	1
2017.12	동대문구	제기동	12,647	6,410	2,491	1,736	1,452	410	114	23	8	2	1
2017.12	동대문구	전농1동	13,920	6,527	2,668	2,219	1,873	484	112	27	4	5	1
2017.12	동대문구	전농2동	7,600	1,975	1,703	1,754	1,580	428	120	30	6	2	2
2017.12	동대문구	답십리1동	10,599	4,114	2,098	1,956	1,786	489	115	29	9	3	-
2017.12	동대문구	답십리2동	11,996	3,862	2,770	2,396	2,234	547	141	35	7	2	2
2017.12	동대문구	장안1동	16,969	6,688	3,497	3,144	2,685	713	178	46	13	3	2
2017.12	동대문구	장안2동	12,507	4,024	2,593	2,633	2,470	599	145	30	8	2	3
2017.12	동대문구	이문1동	14,425	7,916	2,589	1,846	1,540	384	119	16	10	3	2
2017.12	동대문구	이문2동	8,717	2,755	1,864	1,745	1,772	441	103	27	8	1	1
2017.12	중랑구	소계	179,132	69,385	39,419	33,027	28,498	6,869	1,455	352	96	18	13
2017.12	중랑구	면목2동	12,243	5,174	2,683	2,081	1,756	432	93	15	9	-	-
2017.12	중랑구	면목4동	9,446	3,868	2,103	1,686	1,384	306	73	22	3	1	-
2017.12	중랑구	면목5동	4,708	1,903	1,084	846	675	156	31	11	2	-	-
2017.12	중랑구	면목7동	10,126	4,091	2,260	1,825	1,510	351	69	17	2	1	-
2017.12	중랑구	상봉1동	10,069	2,890	2,191	2,178	2,220	466	88	24	9	3	-
2017.12	중랑구	상봉2동	9,656	5,151	1,904	1,381	955	206	42	11	4	2	-
2017.12	중랑구	중화1동	8,769	2,947	2,003	1,818	1,524	380	66	23	6	1	1
2017.12	중랑구	중화2동	14,168	6,966	3,052	2,147	1,526	376	78	16	4	2	1
2017.12	중랑구	묵1동	14,228	4,279	3,060	3,052	2,920	700	163	37	14	-	3
2017.12	중랑구	묵2동	9,076	3,604	2,081	1,648	1,322	328	71	16	2	2	2
2017.12	중랑구	망우3동	8,490	3,465	1,989	1,539	1,159	253	63	18	2	2	-
2017.12	중랑구	신내1동	14,486	3,093	3,065	3,167	3,721	1,142	229	47	19	2	1
2017.12	중랑구	신내2동	9,037	2,507	2,148	2,055	1,824	386	81	23	10	1	2
2017.12	중랑구	면목본동	17,314	7,829	3,843	2,847	2,177	484	102	27	3	-	2
2017.12	중랑구	면목3.8동	12,590	5,330	2,766	2,238	1,744	384	101	23	4	-	-
2017.12	중랑구	망우본동	14,726	6,288	3,187	2,519	2,081	519	105	22	3	1	1
2017.12	성북구	소계	187,112	69,365	38,281	35,319	33,216	8,184	1,987	557	125	33	45
2017.12	성북구	돈암1동	6,414	1,741	1,487	1,408	1,345	330	78	18	5	-	2
2017.12	성북구	돈암2동	8,460	1,461	1,706	2,124	2,354	584	159	52	14	3	3
2017.12	성북구	안암동	8,602	5,284	1,371	906	786	202	36	11	3	2	1
2017.12	성북구	보문동	7,973	3,631	1,583	1,324	1,129	241	50	10	2	-	3
2017.12	성북구	정릉1동	7,027	1,988	1,462	1,588	1,483	373	96	29	4	1	3
2017.12	성북구	정릉2동	9,653	2,890	2,194	2,097	1,866	454	106	36	6	2	2
2017.12	성북구	정릉3동	7,503	3,572	1,467	1,171	959	253	57	14	5	2	3
2017.12	성북구	정릉4동	11,019	3,477	2,487	2,350	2,067	480	121	30	7	-	-
2017.12	성북구	길음1동	12,954	2,556	2,404	3,160	3,807	756	202	49	11	3	6
2017.12	성북구	길음2동	5,160	1,988	999	907	939	249	55	18	4	1	-
2017.12	성북구	월곡1동	10,741	3,051	2,287	2,308	2,339	569	139	38	7	1	2
2017.12	성북구	월곡2동	8,774	3,513	1,741	1,575	1,423	375	109	25	8	2	3
2017.12	성북구	장위1동	8,878	3,112	2,024	1,723	1,490	402	84	33	6	2	2
2017.12	성북구	장위2동	7,948	3,017	1,831	1,481	1,178	329	78	23	7	4	-
2017.12	성북구	장위3동	5,039	1,801	1,045	948	934	236	56	17	2	-	-
2017.12	성북구	성북동	8,001	3,598	1,650	1,216	1,077	328	84	33	8	1	6
2017.12	성북구	삼선동	12,490	5,799	2,417	1,919	1,792	430	104	21	4	3	1
2017.12	성북구	동선동	8,800	5,307	1,462	955	779	214	59	15	7	-	2
2017.12	성북구	종암동	16,964	5,992	3,403	3,335	3,174	810	179	54	9	5	3
2017.12	성북구	석관동	14,712	5,587	3,261	2,824	2,295	569	135	31	6	1	3
2017.12	강북구	소계	142,533	54,745	32,534	26,345	21,711	5,526	1,262	270	85	30	25
2017.12	강북구	번1동	9,886	4,927	2,087	1,446	1,091	252	67	10	5	1	-
2017.12	강북구	번2동	7,565	2,466	2,027	1,569	1,101	298	82	13	6	1	2
2017.12	강북구	번3동	7,621	2,025	2,079	1,687	1,321	383	97	22	5	2	-
2017.12	강북구	수유1동	10,195	4,363	2,191	1,799	1,357	374	84	17	5	2	3
2017.12	강북구	수유2동	9,365	3,064	2,322	1,930	1,537	388	95	20	7	1	1
2017.12	강북구	수유3동	12,026	5,939	2,541	1,864	1,285	316	60	11	3	4	3
2017.12	강북구	삼양동	12,596	4,753	2,867	2,369	1,968	507	91	26	8	3	4
2017.12	강북구	미아동	11,082	5,127	2,456	1,721	1,332	344	75	17	7	2	1
2017.12	강북구	송중동	13,090	5,285	2,829	2,311	1,982	519	126	27	5	3	3
2017.12	강북구	송천동	13,765	5,972	3,049	2,309	1,854	449	103	19	7	1	2
2017.12	강북구	삼각산동	11,888	2,531	2,354	2,729	3,349	736	138	39	8	3	1
2017.12	강북구	우이동	9,288	3,229	2,269	1,861	1,410	388	96	20	7	5	3
2017.12	강북구	인수동	14,166	5,064	3,463	2,750	2,124	572	148	29	12	2	2
2017.12	도봉구	소계	137,378	41,294	31,810	29,112	26,717	6,470	1,449	359	113	37	17
2017.12	도봉구	쌍문1동	9,011	2,869	2,131	1,849	1,597	415	112	31	5	-	2
2017.12	도봉구	쌍문2동	8,550	2,817	2,070	1,795	1,413	331	97	19	4	1	3
2017.12	도봉구	쌍문3동	7,606	2,856	1,789	1,421	1,177	277	67	15	3	1	-
2017.12	도봉구	쌍문4동	7,188	1,483	1,424	1,710	2,018	456	73	16	7	1	-
2017.12	도봉구	방학1동	12,550	4,189	2,860	2,482	2,227	619	119	41	8	4	1
2017.12	도봉구	방학2동	9,625	3,498	2,308	1,894	1,459	348	91	23	3	-	1
2017.12	도봉구	방학3동	10,183	1,721	2,222	2,575	2,780	687	142	33	19	3	1
2017.12	도봉구	창1동	10,904	3,312	2,475	2,326	2,192	463	105	23	6	2	-
2017.12	도봉구	창2동	12,330	3,445	2,924	2,744	2,404	594	156	41	14	7	1
2017.12	도봉구	창3동	6,639	2,417	1,608	1,259	1,028	254	57	12	1	2	1
2017.12	도봉구	창4동	10,552	2,553	2,178	2,357	2,704	601	116	24	15	4	-
2017.12	도봉구	창5동	9,877	2,466	2,176	2,308	2,241	540	93	37	9	6	1
2017.12	도봉구	도봉1동	10,314	3,868	2,668	1,878	1,375	394	88	20	13	5	5
2017.12	도봉구	도봉2동	12,049	3,800	2,977	2,514	2,102	491	133	24	6	1	1
2017.12	노원구	소계	217,619	64,810	46,592	45,562	47,593	10,354	2,075	436	128	40	29
2017.12	노원구	월계1동	10,335	4,102	2,098	1,811	1,751	454	98	19	2	-	-
2017.12	노원구	월계2동	11,288	3,601	2,864	2,250	1,963	469	109	24	5	1	2
2017.12	노원구	월계3동	13,080	3,468	3,349	3,024	2,527	531	134	34	10	2	1
2017.12	노원구	공릉2동	16,076	5,001	2,927	3,300	3,818	800	180	30	10	9	1
2017.12	노원구	하계1동	11,858	4,107	2,280	2,163	2,622	546	101	17	16	3	3
2017.12	노원구	하계2동	8,387	1,518	1,686	2,057	2,480	538	93	12	2	1	-
2017.12	노원구	중계본동	9,314	2,113	1,385	1,939	2,968	727	139	31	9	2	1
2017.12	노원구	중계1동	9,169	1,383	1,270	2,205	3,524	644	119	13	10	1	-
2017.12	노원구	중계4동	8,406	2,255	1,898	1,752	1,954	443	76	17	4	5	2
2017.12	노원구	상계1동	15,710	4,255	3,439	3,398	3,477	876	204	43	7	4	7
2017.12	노원구	상계2동	8,726	2,940	1,651	1,704	1,906	410	83	21	5	4	2
2017.12	노원구	상계5동	11,254	3,830	2,587	2,226	2,020	461	90	28	9	-	3
2017.12	노원구	상계8동	9,316	2,021	2,138	2,419	2,223	456	47	10	2	-	-
2017.12	노원구	상계9동	8,572	1,995	2,033	2,043	2,041	366	69	22	3	-	-
2017.12	노원구	상계10동	6,719	1,673	1,633	1,621	1,485	232	54	14	3	2	2
2017.12	노원구	상계3.4동	12,068	4,615	2,787	2,126	1,885	495	123	26	8	2	1
2017.12	노원구	상계6.7동	14,049	3,979	3,068	3,174	3,114	581	95	26	9	1	2
2017.12	노원구	중계2.3동	15,536	4,538	3,821	3,312	3,034	685	118	20	6	-	2
2017.12	노원구	공릉1동	17,756	7,416	3,678	3,038	2,801	640	143	29	8	3	-
2017.12	은평구	소계	202,839	70,698	45,192	39,648	35,350	9,107	2,106	538	134	37	29
2017.12	은평구	녹번동	14,595	5,809	3,270	2,666	2,162	532	115	32	6	2	1
2017.12	은평구	불광1동	17,661	6,000	4,036	3,715	3,005	700	147	48	8	1	1
2017.12	은평구	갈현1동	11,075	4,186	2,558	2,085	1,684	431	102	23	4	2	-
2017.12	은평구	갈현2동	12,386	3,853	2,882	2,653	2,270	569	111	35	9	2	2
2017.12	은평구	구산동	12,551	3,515	2,877	2,716	2,543	678	160	37	15	3	7
2017.12	은평구	대조동	15,743	7,174	3,410	2,537	1,982	474	128	33	3	2	-
2017.12	은평구	응암1동	11,227	4,448	2,388	1,993	1,795	456	103	25	11	3	5
2017.12	은평구	응암2동	8,507	2,550	1,870	1,891	1,663	393	107	20	7	5	1
2017.12	은평구	신사1동	11,196	3,374	2,583	2,463	2,104	511	114	33	9	2	3
2017.12	은평구	신사2동	8,960	2,852	2,074	1,797	1,684	415	109	22	5	1	1
2017.12	은평구	증산동	6,979	2,367	1,621	1,315	1,252	332	64	22	6	-	-
2017.12	은평구	수색동	5,903	2,144	1,379	1,116	962	224	63	12	1	2	-
2017.12	은평구	진관동	19,521	4,758	3,604	3,966	5,120	1,593	372	77	23	4	4
2017.12	은평구	불광2동	13,576	5,462	3,188	2,443	1,878	465	100	27	9	3	1
2017.12	은평구	응암3동	12,362	5,426	2,775	2,020	1,596	417	93	27	4	3	1
2017.12	은평구	역촌동	20,597	6,780	4,677	4,272	3,650	917	218	65	14	2	2
2017.12	서대문구	소계	137,266	55,117	28,458	24,332	22,047	5,515	1,312	349	86	26	24
2017.12	서대문구	천연동	8,331	3,281	1,684	1,558	1,404	314	68	17	2	1	2
2017.12	서대문구	홍제1동	9,885	3,259	2,302	1,942	1,781	434	117	30	11	5	4
2017.12	서대문구	홍제3동	7,241	2,620	1,638	1,388	1,170	312	81	21	9	1	1
2017.12	서대문구	홍제2동	5,849	1,619	1,417	1,286	1,176	270	56	16	5	1	3
2017.12	서대문구	홍은1동	9,425	3,197	2,036	1,856	1,720	466	113	24	9	-	4
2017.12	서대문구	홍은2동	12,550	4,596	2,788	2,336	2,118	512	144	39	11	5	1
2017.12	서대문구	남가좌1동	6,030	1,436	1,125	1,452	1,494	392	100	25	2	2	2
2017.12	서대문구	남가좌2동	10,141	4,151	2,174	1,745	1,551	411	80	21	4	1	3
2017.12	서대문구	북가좌1동	7,047	1,486	1,598	1,658	1,743	424	99	31	5	2	1
2017.12	서대문구	북가좌2동	14,674	5,176	3,412	2,881	2,462	576	127	36	4	-	-
2017.12	서대문구	충현동	8,790	4,260	1,647	1,288	1,198	302	71	20	3	1	-
2017.12	서대문구	북아현동	7,493	2,757	1,690	1,437	1,272	263	59	12	-	3	-
2017.12	서대문구	신촌동	11,307	8,049	1,454	846	702	177	54	18	5	-	2
2017.12	서대문구	연희동	18,503	9,230	3,493	2,659	2,256	662	143	39	16	4	1
2017.12	마포구	소계	169,408	71,949	34,690	28,724	26,036	6,163	1,343	347	90	38	28
2017.12	마포구	용강동	9,021	3,040	1,896	1,871	1,734	369	80	23	4	3	1
2017.12	마포구	대흥동	7,168	4,622	1,191	673	513	125	30	9	2	-	3
2017.12	마포구	염리동	5,051	2,403	1,030	752	628	183	37	8	8	-	2
2017.12	마포구	신수동	9,179	3,471	1,857	1,791	1,604	345	81	26	4	-	-
2017.12	마포구	서교동	14,014	8,379	2,440	1,543	1,239	308	70	21	10	4	-
2017.12	마포구	합정동	9,563	4,761	2,095	1,309	1,054	245	70	14	4	3	8
2017.12	마포구	망원1동	10,245	4,706	2,248	1,530	1,311	361	63	17	5	3	1
2017.12	마포구	망원2동	8,205	2,759	1,890	1,568	1,533	352	77	17	5	4	-
2017.12	마포구	연남동	8,739	4,604	1,842	1,131	869	207	66	13	3	1	3
2017.12	마포구	성산1동	9,257	4,017	1,909	1,581	1,294	338	81	26	7	3	1
2017.12	마포구	성산2동	17,048	6,178	3,604	3,230	3,128	736	129	32	7	3	1
2017.12	마포구	상암동	12,274	3,524	2,362	2,440	2,864	859	161	49	10	4	1
2017.12	마포구	도화동	9,635	3,530	2,032	1,828	1,710	403	96	24	5	5	2
2017.12	마포구	서강동	11,599	5,098	2,190	1,965	1,849	388	84	17	6	1	1
2017.12	마포구	공덕동	18,232	7,674	3,870	3,203	2,741	570	138	29	6	1	-
2017.12	마포구	아현동	10,178	3,183	2,234	2,309	1,965	374	80	22	4	3	4
2017.12	양천구	소계	176,649	47,379	35,589	38,567	42,582	9,777	2,059	466	153	45	32
2017.12	양천구	목1동	10,548	1,592	1,653	2,788	3,584	719	151	45	11	1	4
2017.12	양천구	목2동	12,802	4,119	2,728	2,637	2,555	616	108	25	9	3	2
2017.12	양천구	목3동	9,223	3,182	2,032	1,907	1,625	354	83	28	8	3	1
2017.12	양천구	목4동	10,013	2,666	1,801	2,078	2,669	638	122	26	10	2	1
2017.12	양천구	신월1동	10,192	4,141	2,280	1,814	1,481	363	87	22	3	1	-
2017.12	양천구	신월2동	8,735	2,301	1,977	1,983	1,762	515	144	38	8	3	4
2017.12	양천구	신월3동	8,254	3,765	1,785	1,327	993	292	72	14	3	1	2
2017.12	양천구	신월4동	6,887	1,372	1,511	1,691	1,687	464	120	28	11	3	-
2017.12	양천구	신월5동	6,379	1,976	1,421	1,366	1,208	308	77	20	1	2	-
2017.12	양천구	신월6동	2,687	766	557	569	591	156	34	10	3	1	-
2017.12	양천구	신월7동	9,396	2,778	2,405	2,057	1,696	341	94	15	8	1	1
2017.12	양천구	신정1동	7,251	1,393	1,162	1,671	2,367	532	92	22	9	1	2
2017.12	양천구	신정2동	7,238	1,560	1,223	1,510	2,285	552	82	13	7	4	2
2017.12	양천구	신정3동	18,218	4,250	3,880	4,036	4,503	1,231	254	40	15	6	3
2017.12	양천구	신정6동	8,161	994	1,336	2,153	2,988	548	112	16	11	2	1
2017.12	양천구	신정7동	11,271	2,706	2,411	2,521	2,904	578	103	32	12	3	1
2017.12	양천구	목5동	13,619	1,650	1,935	3,505	5,326	957	183	39	15	7	2
2017.12	양천구	신정4동	15,775	6,168	3,492	2,954	2,358	613	141	33	9	1	6
2017.12	강서구	소계	254,257	91,595	54,914	49,020	44,792	10,925	2,226	562	143	51	29
2017.12	강서구	염창동	14,113	2,766	2,577	3,537	4,186	850	148	39	5	4	1
2017.12	강서구	등촌1동	11,502	5,777	2,096	1,692	1,552	309	53	16	3	4	-
2017.12	강서구	등촌2동	8,426	2,237	1,878	1,880	1,861	426	96	34	10	1	3
2017.12	강서구	등촌3동	14,704	5,017	3,834	2,862	2,373	488	100	20	5	4	1
2017.12	강서구	화곡본동	15,872	6,066	3,563	3,031	2,427	603	130	38	9	4	1
2017.12	강서구	화곡2동	8,263	2,675	1,927	1,728	1,410	433	58	25	5	-	2
2017.12	강서구	화곡3동	9,084	2,854	1,976	1,965	1,674	468	114	24	5	2	2
2017.12	강서구	화곡4동	9,854	3,558	2,318	1,964	1,528	374	86	21	4	1	-
2017.12	강서구	화곡6동	10,805	4,205	2,255	2,016	1,773	434	86	21	8	3	4
2017.12	강서구	화곡8동	11,418	3,970	2,830	2,246	1,806	414	119	28	4	1	-
2017.12	강서구	가양1동	17,055	9,934	2,402	2,083	2,034	474	100	18	7	1	2
2017.12	강서구	가양2동	8,064	3,607	2,174	1,274	759	189	46	7	5	1	2
2017.12	강서구	가양3동	7,717	2,796	2,307	1,517	849	201	35	9	3	-	-
2017.12	강서구	발산1동	13,436	2,484	2,751	3,127	3,832	999	190	41	6	5	1
2017.12	강서구	공항동	12,381	5,136	2,556	2,195	1,892	491	83	25	2	1	-
2017.12	강서구	방화1동	17,255	4,567	3,559	3,698	3,996	1,130	230	56	13	5	1
2017.12	강서구	방화2동	11,418	5,080	2,473	1,846	1,450	426	104	28	5	1	5
2017.12	강서구	방화3동	11,234	4,270	2,728	2,100	1,612	416	82	15	9	1	1
2017.12	강서구	화곡1동	25,214	10,939	5,656	4,452	3,121	801	176	47	15	5	2
2017.12	강서구	우장산동	16,442	3,657	3,054	3,807	4,657	999	190	50	20	7	1
2017.12	구로구	소계	171,570	60,669	37,054	32,991	30,792	7,686	1,788	408	128	33	21
2017.12	구로구	신도림동	13,263	2,694	2,759	3,292	3,500	775	179	46	12	4	2
2017.12	구로구	구로1동	7,853	1,656	1,676	1,865	2,126	429	74	19	8	-	-
2017.12	구로구	구로3동	13,638	7,783	2,168	1,760	1,449	363	78	22	13	1	1
2017.12	구로구	구로4동	10,848	4,846	2,537	1,785	1,288	295	71	16	8	2	-
2017.12	구로구	구로5동	14,270	6,401	2,785	2,391	2,043	468	125	41	13	2	1
2017.12	구로구	고척1동	9,510	2,726	2,060	2,010	2,111	453	117	24	6	3	-
2017.12	구로구	고척2동	11,735	3,572	2,560	2,455	2,398	581	136	26	5	1	1
2017.12	구로구	개봉2동	12,789	3,145	3,090	2,931	2,713	679	175	40	11	3	2
2017.12	구로구	개봉3동	8,643	2,403	2,096	1,958	1,667	412	89	14	2	1	1
2017.12	구로구	오류1동	9,619	4,194	1,999	1,629	1,309	372	90	14	6	2	4
2017.12	구로구	오류2동	16,677	4,309	3,787	3,444	3,682	1,120	251	54	21	4	5
2017.12	구로구	수궁동	9,790	2,568	2,355	2,167	1,990	552	127	23	4	4	-
2017.12	구로구	가리봉동	5,957	3,781	1,061	572	397	117	21	4	2	-	2
2017.12	구로구	구로2동	13,002	6,010	2,876	2,021	1,549	403	97	32	10	3	1
2017.12	구로구	개봉1동	13,976	4,581	3,245	2,711	2,570	667	158	33	7	3	1
2017.12	금천구	소계	106,066	44,496	22,240	18,232	15,903	3,926	953	222	55	23	16
2017.12	금천구	가산동	12,169	8,244	1,686	1,133	834	204	56	7	2	3	-
2017.12	금천구	독산1동	17,229	7,964	3,208	2,694	2,545	613	158	31	10	1	5
2017.12	금천구	독산2동	9,485	3,893	2,115	1,708	1,361	310	79	15	1	2	1
2017.12	금천구	독산3동	12,125	5,285	2,657	2,049	1,613	396	96	18	8	3	-
2017.12	금천구	독산4동	7,677	3,131	1,706	1,380	1,083	278	74	19	4	1	1
2017.12	금천구	시흥1동	15,406	5,932	3,403	2,804	2,482	614	119	42	3	4	3
2017.12	금천구	시흥2동	8,548	1,922	1,980	1,889	2,035	519	143	44	9	4	3
2017.12	금천구	시흥3동	4,782	1,415	1,160	1,032	875	240	43	13	2	1	1
2017.12	금천구	시흥4동	9,211	3,025	2,123	1,852	1,670	408	99	16	13	4	1
2017.12	금천구	시흥5동	9,434	3,685	2,202	1,691	1,405	344	86	17	3	-	1
2017.12	영등포구	소계	167,355	72,378	33,120	28,372	25,600	6,022	1,348	368	80	35	32
2017.12	영등포구	여의동	12,583	3,242	2,761	2,935	2,804	619	157	44	10	5	6
2017.12	영등포구	당산1동	10,038	4,813	2,008	1,544	1,240	319	84	19	6	3	2
2017.12	영등포구	당산2동	16,539	7,936	2,721	2,623	2,536	540	132	39	10	1	1
2017.12	영등포구	양평1동	7,994	3,578	1,704	1,349	1,055	240	47	17	3	1	-
2017.12	영등포구	양평2동	9,580	3,649	1,866	1,777	1,790	385	82	20	7	2	2
2017.12	영등포구	신길1동	9,817	5,431	1,875	1,258	937	242	53	15	4	1	1
2017.12	영등포구	신길3동	7,036	2,711	1,422	1,307	1,222	299	48	19	3	4	1
2017.12	영등포구	신길4동	4,370	1,792	986	762	633	158	28	9	1	1	-
2017.12	영등포구	신길5동	4,919	2,059	1,065	849	696	195	41	10	2	-	2
2017.12	영등포구	신길6동	8,182	3,299	1,712	1,449	1,278	346	69	19	4	2	4
2017.12	영등포구	신길7동	6,558	1,927	1,279	1,352	1,562	344	70	18	5	-	1
2017.12	영등포구	대림1동	6,310	2,767	1,370	1,046	843	212	51	16	2	2	1
2017.12	영등포구	대림2동	6,488	3,077	1,503	957	697	189	41	18	3	3	-
2017.12	영등포구	대림3동	10,655	3,842	2,376	1,991	1,866	432	110	30	3	2	3
2017.12	영등포구	영등포본동	10,176	4,275	1,990	1,796	1,608	399	80	19	4	2	3
2017.12	영등포구	영등포동	14,687	10,290	1,865	1,190	1,034	232	56	12	4	1	3
2017.12	영등포구	도림동	9,285	4,249	2,052	1,492	1,121	289	64	15	2	1	-
2017.12	영등포구	문래동	12,138	3,441	2,565	2,695	2,678	582	135	29	7	4	2
2017.12	동작구	소계	172,995	68,697	35,530	30,962	28,615	7,017	1,591	428	99	35	21
2017.12	동작구	노량진2동	7,128	3,806	1,426	976	695	172	41	7	4	1	-
2017.12	동작구	상도1동	20,914	9,058	3,777	3,680	3,386	787	168	49	5	1	3
2017.12	동작구	상도2동	11,792	4,640	2,411	2,089	2,032	478	116	16	8	1	1
2017.12	동작구	상도3동	11,354	4,444	2,493	2,133	1,661	463	108	41	5	4	2
2017.12	동작구	상도4동	12,756	4,502	2,964	2,499	2,139	525	93	26	4	1	3
2017.12	동작구	사당1동	12,123	6,396	2,478	1,658	1,220	275	69	15	6	4	2
2017.12	동작구	사당3동	9,991	3,248	2,225	1,992	1,896	454	125	38	9	3	1
2017.12	동작구	사당4동	6,602	2,638	1,469	1,176	1,015	248	35	14	7	-	-
2017.12	동작구	사당5동	5,668	2,133	1,202	1,091	958	223	42	14	3	-	2
2017.12	동작구	대방동	16,511	6,059	3,074	2,895	3,421	793	188	57	17	4	3
2017.12	동작구	신대방1동	9,878	3,339	1,924	1,877	2,087	497	119	28	5	1	1
2017.12	동작구	신대방2동	8,741	3,486	1,599	1,514	1,601	407	99	30	4	1	-
2017.12	동작구	흑석동	13,453	5,235	2,729	2,473	2,278	584	114	28	7	5	-
2017.12	동작구	노량진1동	14,359	5,885	2,975	2,492	2,206	621	133	32	8	6	1
2017.12	동작구	사당2동	11,725	3,828	2,784	2,417	2,020	490	141	33	7	3	2
2017.12	관악구	소계	255,352	133,850	47,431	34,845	29,543	7,319	1,718	462	126	30	28
2017.12	관악구	보라매동	11,662	5,017	2,520	1,985	1,628	384	96	24	3	2	3
2017.12	관악구	청림동	6,600	1,931	1,528	1,492	1,278	276	68	18	5	1	3
2017.12	관악구	행운동	16,328	9,561	2,809	1,905	1,542	384	97	22	6	1	1
2017.12	관악구	낙성대동	10,304	6,910	1,462	931	728	197	49	16	8	1	2
2017.12	관악구	중앙동	8,575	5,237	1,465	905	722	199	35	7	2	2	1
2017.12	관악구	인헌동	13,732	7,031	2,607	1,941	1,627	406	86	26	8	-	-
2017.12	관악구	남현동	8,924	4,205	1,759	1,409	1,152	299	61	25	10	1	3
2017.12	관악구	서원동	12,701	7,420	2,397	1,475	1,045	275	64	19	5	-	1
2017.12	관악구	신원동	9,882	5,219	2,134	1,297	960	196	55	15	3	2	1
2017.12	관악구	서림동	14,109	8,876	2,186	1,469	1,148	326	77	22	3	-	2
2017.12	관악구	신사동	12,422	6,982	2,290	1,565	1,206	291	65	21	2	-	-
2017.12	관악구	신림동	15,225	11,977	1,922	746	433	105	35	5	1	1	-
2017.12	관악구	난향동	6,429	1,757	1,454	1,381	1,393	333	81	24	3	1	2
2017.12	관악구	조원동	9,865	5,803	1,750	1,115	926	196	51	15	6	2	1
2017.12	관악구	대학동	15,065	10,830	1,739	1,215	953	244	68	13	2	1	-
2017.12	관악구	은천동	15,204	5,741	3,322	2,751	2,573	606	157	36	13	3	2
2017.12	관악구	성현동	12,898	3,606	2,986	2,694	2,747	672	144	36	9	3	1
2017.12	관악구	청룡동	17,063	11,492	2,435	1,461	1,231	332	83	21	5	2	1
2017.12	관악구	난곡동	12,873	4,814	2,985	2,412	2,023	476	114	33	12	2	2
2017.12	관악구	삼성동	11,559	4,367	2,651	2,077	1,797	504	119	30	11	3	-
2017.12	관악구	미성동	13,932	5,074	3,030	2,619	2,431	618	113	34	9	2	2
2017.12	서초구	소계	173,594	55,973	33,829	34,428	37,230	9,097	2,136	612	185	59	45
2017.12	서초구	서초1동	9,035	3,609	1,678	1,589	1,567	414	122	39	12	5	-
2017.12	서초구	서초2동	7,216	3,047	1,253	1,278	1,270	268	75	14	7	3	1
2017.12	서초구	서초3동	12,541	4,727	2,442	2,243	2,256	607	186	52	14	7	7
2017.12	서초구	서초4동	10,553	2,070	1,830	2,497	3,309	648	130	55	9	3	2
2017.12	서초구	잠원동	13,837	4,489	2,621	2,907	3,061	591	123	27	10	5	3
2017.12	서초구	반포본동	4,235	702	775	981	1,404	290	65	12	4	1	1
2017.12	서초구	반포1동	12,906	6,122	1,970	1,946	2,152	544	117	39	11	4	1
2017.12	서초구	반포2동	7,878	1,169	1,413	1,904	2,582	633	133	29	11	2	2
2017.12	서초구	반포3동	6,453	1,248	1,199	1,606	1,931	374	70	16	5	2	2
2017.12	서초구	반포4동	7,327	1,844	1,494	1,680	1,744	419	92	33	14	4	3
2017.12	서초구	방배본동	7,852	2,065	1,447	1,655	2,013	494	122	35	15	2	4
2017.12	서초구	방배1동	7,366	2,742	1,600	1,402	1,228	289	80	16	5	1	3
2017.12	서초구	방배2동	11,088	3,720	2,506	2,171	2,046	492	97	41	4	6	5
2017.12	서초구	방배3동	8,567	2,376	1,823	1,843	1,926	460	94	29	12	3	1
2017.12	서초구	방배4동	10,370	3,429	2,046	2,036	2,143	541	128	28	13	3	3
2017.12	서초구	양재1동	18,225	5,673	3,831	3,491	3,614	1,203	310	81	15	6	1
2017.12	서초구	양재2동	10,947	4,975	2,228	1,631	1,520	457	83	35	14	1	3
2017.12	서초구	내곡동	7,198	1,966	1,673	1,568	1,464	373	109	31	10	1	3
2017.12	강남구	소계	231,612	87,820	42,114	42,031	45,784	10,507	2,381	659	189	88	39
2017.12	강남구	신사동	7,633	2,961	1,543	1,367	1,322	319	74	20	15	11	1
2017.12	강남구	논현1동	14,090	9,048	2,408	1,322	938	262	77	20	9	2	4
2017.12	강남구	논현2동	11,146	5,681	2,102	1,655	1,276	318	81	23	8	1	1
2017.12	강남구	삼성1동	5,811	1,846	1,148	1,148	1,243	302	93	18	7	5	1
2017.12	강남구	삼성2동	12,815	5,476	2,084	2,235	2,331	510	121	42	11	3	2
2017.12	강남구	대치1동	7,374	596	881	1,870	3,173	673	125	36	14	5	1
2017.12	강남구	대치4동	10,080	5,112	1,623	1,397	1,500	346	81	16	4	1	-
2017.12	강남구	역삼1동	22,689	15,778	3,352	1,820	1,248	342	97	30	18	4	-
2017.12	강남구	역삼2동	14,910	5,779	2,198	2,789	3,267	660	144	41	15	7	10
2017.12	강남구	도곡1동	8,491	2,434	1,476	1,824	2,138	469	102	32	10	4	2
2017.12	강남구	도곡2동	11,943	2,242	2,261	2,936	3,586	726	152	31	4	2	3
2017.12	강남구	개포1동	7,925	2,348	1,780	1,639	1,691	372	64	24	4	3	-
2017.12	강남구	개포4동	7,735	2,962	1,441	1,437	1,430	377	59	19	5	1	4
2017.12	강남구	일원본동	8,321	1,521	1,417	1,993	2,727	529	102	24	5	2	1
2017.12	강남구	일원1동	7,496	2,937	1,683	1,362	1,127	302	64	17	2	2	-
2017.12	강남구	일원2동	6,589	1,985	1,507	1,403	1,367	257	57	10	2	-	1
2017.12	강남구	수서동	7,864	3,065	2,272	1,401	845	206	55	12	6	2	-
2017.12	강남구	세곡동	16,878	4,981	3,431	3,216	3,603	1,209	318	93	17	7	3
2017.12	강남구	압구정동	10,677	2,943	2,292	2,386	2,344	521	131	41	8	9	2
2017.12	강남구	청담동	12,155	4,260	2,290	2,419	2,374	580	155	49	16	9	3
2017.12	강남구	대치2동	13,659	2,463	2,029	3,276	4,723	931	176	48	6	7	-
2017.12	강남구	개포2동	5,331	1,402	896	1,136	1,531	296	53	13	3	1	-
2017.12	송파구	소계	264,628	85,227	52,978	54,090	55,878	12,730	2,776	677	186	54	32
2017.12	송파구	풍납1동	6,988	2,600	1,599	1,324	1,131	254	58	12	7	3	-
2017.12	송파구	풍납2동	10,269	3,521	1,978	2,114	2,079	446	100	24	4	3	-
2017.12	송파구	거여1동	5,274	1,650	1,105	1,078	1,068	280	75	14	3	-	1
2017.12	송파구	거여2동	7,335	2,430	1,702	1,482	1,324	299	75	14	5	1	3
2017.12	송파구	마천1동	9,350	3,533	2,034	1,638	1,546	480	86	28	3	2	-
2017.12	송파구	마천2동	8,549	2,900	1,998	1,623	1,495	379	111	30	8	2	3
2017.12	송파구	방이1동	6,172	1,676	1,188	1,293	1,543	353	88	25	3	1	2
2017.12	송파구	방이2동	12,426	6,094	2,440	1,970	1,466	352	87	14	2	-	1
2017.12	송파구	오륜동	6,039	636	978	1,570	2,221	501	93	29	6	3	2
2017.12	송파구	오금동	14,304	3,789	3,024	3,249	3,270	753	158	49	11	-	1
2017.12	송파구	송파1동	12,004	5,291	2,458	2,040	1,657	426	98	22	7	4	1
2017.12	송파구	송파2동	7,298	1,411	1,414	1,741	2,072	506	113	28	9	3	1
2017.12	송파구	석촌동	16,150	7,494	3,263	2,649	2,089	482	124	30	15	3	1
2017.12	송파구	삼전동	16,048	7,666	3,098	2,574	2,101	478	93	30	4	2	2
2017.12	송파구	가락본동	11,435	3,993	2,221	2,276	2,280	530	94	31	6	1	3
2017.12	송파구	가락1동	365	143	53	65	79	22	2	1	-	-	-
2017.12	송파구	가락2동	12,172	2,662	2,308	2,864	3,383	740	162	39	11	1	2
2017.12	송파구	문정1동	8,390	2,545	1,735	1,761	1,796	422	103	18	5	5	-
2017.12	송파구	문정2동	13,005	6,139	2,566	1,853	1,878	411	106	29	16	6	1
2017.12	송파구	장지동	13,343	3,510	2,996	3,025	2,861	753	158	32	7	1	-
2017.12	송파구	위례동	8,953	1,124	1,653	2,234	2,899	834	168	28	9	3	1
2017.12	송파구	잠실본동	14,373	7,071	2,822	2,110	1,818	413	100	29	8	1	1
2017.12	송파구	잠실4동	10,425	1,778	2,089	2,836	2,950	612	131	18	7	4	-
2017.12	송파구	잠실6동	5,887	952	1,245	1,541	1,649	386	74	30	7	1	2
2017.12	송파구	잠실7동	3,507	513	773	887	1,046	223	45	16	3	1	-
2017.12	송파구	잠실2동	12,066	1,968	1,774	3,053	4,401	693	138	27	9	2	1
2017.12	송파구	잠실3동	12,501	2,138	2,464	3,240	3,776	702	136	30	11	1	3
2017.12	강동구	소계	177,407	59,590	37,027	35,159	34,742	8,453	1,829	437	107	37	26
2017.12	강동구	강일동	11,348	2,202	2,398	2,234	3,063	1,176	220	47	5	2	1
2017.12	강동구	상일동	3,759	1,088	770	796	856	186	46	10	5	-	2
2017.12	강동구	명일1동	8,192	1,998	1,572	1,898	2,105	476	110	22	8	2	1
2017.12	강동구	명일2동	5,902	947	987	1,343	2,058	448	84	26	6	3	-
2017.12	강동구	고덕1동	9,115	1,516	1,623	2,269	2,907	647	122	21	4	-	6
2017.12	강동구	고덕2동	3,634	1,501	810	641	513	130	26	8	2	1	2
2017.12	강동구	암사2동	5,908	1,770	1,273	1,278	1,266	243	60	11	1	4	2
2017.12	강동구	암사3동	6,277	988	1,179	1,620	1,917	426	104	23	14	3	3
2017.12	강동구	천호1동	12,886	4,911	2,900	2,456	1,988	487	106	25	7	4	2
2017.12	강동구	천호3동	13,104	5,922	2,783	2,167	1,670	421	105	27	6	2	1
2017.12	강동구	성내1동	8,151	2,245	1,820	1,796	1,766	422	73	24	3	2	-
2017.12	강동구	성내2동	12,180	5,568	2,667	2,024	1,473	342	80	19	5	2	-
2017.12	강동구	성내3동	10,221	3,638	2,152	2,032	1,861	438	74	18	4	3	1
2017.12	강동구	둔촌1동	888	382	169	158	140	31	6	2	-	-	-
2017.12	강동구	둔촌2동	11,126	3,249	2,275	2,394	2,493	566	114	26	6	2	1
2017.12	강동구	암사1동	16,345	6,031	3,583	3,118	2,785	626	154	34	11	1	2
2017.12	강동구	천호2동	17,305	7,991	3,691	2,805	2,176	470	135	27	8	2	-
2017.12	강동구	길동	21,066	7,643	4,375	4,130	3,705	918	210	67	12	4	2